7.20000e+02 0.00000e+00 0.00000e+00
7.19994e+02 2.99992e+00 0.00000e+00
7.19975e+02 5.99979e+00 0.00000e+00
7.19944e+02 8.99955e+00 0.00000e+00
7.19900e+02 1.19992e+01 0.00000e+00
7.19844e+02 1.49986e+01 0.00000e+00
7.19775e+02 1.79977e+01 0.00000e+00
7.19694e+02 2.09965e+01 0.00000e+00
7.19600e+02 2.39950e+01 0.00000e+00
7.19494e+02 2.69930e+01 0.00000e+00
7.19375e+02 2.99906e+01 0.00000e+00
7.19244e+02 3.29877e+01 0.00000e+00
7.19100e+02 3.59842e+01 0.00000e+00
7.18944e+02 3.89800e+01 0.00000e+00
7.18775e+02 4.19752e+01 0.00000e+00
7.18594e+02 4.49697e+01 0.00000e+00
7.18401e+02 4.79633e+01 0.00000e+00
7.18195e+02 5.09562e+01 0.00000e+00
7.17976e+02 5.39481e+01 0.00000e+00
7.17745e+02 5.69391e+01 0.00000e+00
7.17502e+02 5.99292e+01 0.00000e+00
7.17246e+02 6.29182e+01 0.00000e+00
7.16977e+02 6.59061e+01 0.00000e+00
7.16696e+02 6.88928e+01 0.00000e+00
7.16403e+02 7.18784e+01 0.00000e+00
7.16097e+02 7.48627e+01 0.00000e+00
7.15779e+02 7.78457e+01 0.00000e+00
7.15449e+02 8.08274e+01 0.00000e+00
7.15106e+02 8.38076e+01 0.00000e+00
7.14750e+02 8.67864e+01 0.00000e+00
7.14383e+02 8.97637e+01 0.00000e+00
7.14002e+02 9.27394e+01 0.00000e+00
7.13610e+02 9.57136e+01 0.00000e+00
7.13205e+02 9.86860e+01 0.00000e+00
7.12787e+02 1.01657e+02 0.00000e+00
7.12358e+02 1.04626e+02 0.00000e+00
7.11916e+02 1.07593e+02 0.00000e+00
7.11461e+02 1.10558e+02 0.00000e+00
7.10994e+02 1.13522e+02 0.00000e+00
7.10515e+02 1.16483e+02 0.00000e+00
7.10024e+02 1.19442e+02 0.00000e+00
7.09520e+02 1.22400e+02 0.00000e+00
7.09004e+02 1.25355e+02 0.00000e+00
7.08475e+02 1.28308e+02 0.00000e+00
7.07934e+02 1.31259e+02 0.00000e+00
7.07381e+02 1.34207e+02 0.00000e+00
7.06816e+02 1.37153e+02 0.00000e+00
7.06238e+02 1.40097e+02 0.00000e+00
7.05649e+02 1.43039e+02 0.00000e+00
7.05047e+02 1.45977e+02 0.00000e+00
7.04432e+02 1.48914e+02 0.00000e+00
7.03806e+02 1.51848e+02 0.00000e+00
7.03167e+02 1.54779e+02 0.00000e+00
7.02516e+02 1.57707e+02 0.00000e+00
7.01853e+02 1.60633e+02 0.00000e+00
7.01177e+02 1.63556e+02 0.00000e+00
7.00490e+02 1.66476e+02 0.00000e+00
6.99790e+02 1.69393e+02 0.00000e+00
6.99078e+02 1.72307e+02 0.00000e+00
6.98354e+02 1.75219e+02 0.00000e+00
6.97618e+02 1.78127e+02 0.00000e+00
6.96870e+02 1.81032e+02 0.00000e+00
6.96109e+02 1.83934e+02 0.00000e+00
6.95337e+02 1.86833e+02 0.00000e+00
6.94553e+02 1.89728e+02 0.00000e+00
6.93756e+02 1.92620e+02 0.00000e+00
6.92947e+02 1.95509e+02 0.00000e+00
6.92127e+02 1.98395e+02 0.00000e+00
6.91294e+02 2.01277e+02 0.00000e+00
6.90450e+02 2.04155e+02 0.00000e+00
6.89593e+02 2.07030e+02 0.00000e+00
6.88724e+02 2.09902e+02 0.00000e+00
6.87844e+02 2.12770e+02 0.00000e+00
6.86951e+02 2.15634e+02 0.00000e+00
6.86047e+02 2.18494e+02 0.00000e+00
6.85131e+02 2.21351e+02 0.00000e+00
6.84202e+02 2.24203e+02 0.00000e+00
6.83262e+02 2.27052e+02 0.00000e+00
6.82310e+02 2.29897e+02 0.00000e+00
6.81346e+02 2.32738e+02 0.00000e+00
6.80371e+02 2.35575e+02 0.00000e+00
6.79383e+02 2.38408e+02 0.00000e+00
6.78384e+02 2.41236e+02 0.00000e+00
6.77373e+02 2.44061e+02 0.00000e+00
6.76350e+02 2.46881e+02 0.00000e+00
6.75316e+02 2.49697e+02 0.00000e+00
6.74270e+02 2.52508e+02 0.00000e+00
6.73212e+02 2.55316e+02 0.00000e+00
6.72142e+02 2.58118e+02 0.00000e+00
6.71061e+02 2.60917e+02 0.00000e+00
6.69968e+02 2.63710e+02 0.00000e+00
6.68863e+02 2.66499e+02 0.00000e+00
6.67747e+02 2.69284e+02 0.00000e+00
6.66619e+02 2.72064e+02 0.00000e+00
6.65480e+02 2.74839e+02 0.00000e+00
6.64329e+02 2.77609e+02 0.00000e+00
6.63167e+02 2.80375e+02 0.00000e+00
6.61993e+02 2.83136e+02 0.00000e+00
6.60807e+02 2.85891e+02 0.00000e+00
6.59610e+02 2.88642e+02 0.00000e+00
6.58402e+02 2.91388e+02 0.00000e+00
6.57182e+02 2.94129e+02 0.00000e+00
6.55951e+02 2.96864e+02 0.00000e+00
6.54708e+02 2.99595e+02 0.00000e+00
6.53454e+02 3.02320e+02 0.00000e+00
6.52189e+02 3.05040e+02 0.00000e+00
6.50912e+02 3.07755e+02 0.00000e+00
6.49624e+02 3.10464e+02 0.00000e+00
6.48325e+02 3.13168e+02 0.00000e+00
6.47015e+02 3.15867e+02 0.00000e+00
6.45693e+02 3.18560e+02 0.00000e+00
6.44360e+02 3.21248e+02 0.00000e+00
6.43016e+02 3.23929e+02 0.00000e+00
6.41661e+02 3.26606e+02 0.00000e+00
6.40294e+02 3.29277e+02 0.00000e+00
6.38917e+02 3.31941e+02 0.00000e+00
6.37528e+02 3.34601e+02 0.00000e+00
6.36129e+02 3.37254e+02 0.00000e+00
6.34718e+02 3.39902e+02 0.00000e+00
6.33296e+02 3.42543e+02 0.00000e+00
6.31864e+02 3.45179e+02 0.00000e+00
6.30420e+02 3.47809e+02 0.00000e+00
6.28965e+02 3.50432e+02 0.00000e+00
6.27500e+02 3.53050e+02 0.00000e+00
6.26023e+02 3.55661e+02 0.00000e+00
6.24536e+02 3.58267e+02 0.00000e+00
6.23038e+02 3.60866e+02 0.00000e+00
6.21529e+02 3.63458e+02 0.00000e+00
6.20009e+02 3.66045e+02 0.00000e+00
6.18478e+02 3.68625e+02 0.00000e+00
6.16937e+02 3.71199e+02 0.00000e+00
6.15385e+02 3.73766e+02 0.00000e+00
6.13823e+02 3.76327e+02 0.00000e+00
6.12249e+02 3.78881e+02 0.00000e+00
6.10665e+02 3.81429e+02 0.00000e+00
6.09071e+02 3.83970e+02 0.00000e+00
6.07466e+02 3.86504e+02 0.00000e+00
6.05850e+02 3.89032e+02 0.00000e+00
6.04224e+02 3.91553e+02 0.00000e+00
6.02587e+02 3.94067e+02 0.00000e+00
6.00940e+02 3.96574e+02 0.00000e+00
5.99282e+02 3.99075e+02 0.00000e+00
5.97614e+02 4.01568e+02 0.00000e+00
5.95936e+02 4.04055e+02 0.00000e+00
5.94247e+02 4.06534e+02 0.00000e+00
5.92548e+02 4.09007e+02 0.00000e+00
5.90839e+02 4.11472e+02 0.00000e+00
5.89120e+02 4.13930e+02 0.00000e+00
5.87390e+02 4.16381e+02 0.00000e+00
5.85650e+02 4.18825e+02 0.00000e+00
5.83900e+02 4.21261e+02 0.00000e+00
5.82139e+02 4.23691e+02 0.00000e+00
5.80369e+02 4.26112e+02 0.00000e+00
5.78589e+02 4.28527e+02 0.00000e+00
5.76798e+02 4.30934e+02 0.00000e+00
5.74998e+02 4.33333e+02 0.00000e+00
5.73187e+02 4.35725e+02 0.00000e+00
5.71367e+02 4.38110e+02 0.00000e+00
5.69536e+02 4.40487e+02 0.00000e+00
5.67696e+02 4.42856e+02 0.00000e+00
5.65846e+02 4.45217e+02 0.00000e+00
5.63986e+02 4.47571e+02 0.00000e+00
5.62116e+02 4.49917e+02 0.00000e+00
5.60237e+02 4.52255e+02 0.00000e+00
5.58347e+02 4.54586e+02 0.00000e+00
5.56449e+02 4.56908e+02 0.00000e+00
5.54540e+02 4.59223e+02 0.00000e+00
5.52622e+02 4.61529e+02 0.00000e+00
5.50694e+02 4.63828e+02 0.00000e+00
5.48757e+02 4.66118e+02 0.00000e+00
5.46810e+02 4.68401e+02 0.00000e+00
5.44853e+02 4.70675e+02 0.00000e+00
5.42888e+02 4.72941e+02 0.00000e+00
5.40912e+02 4.75199e+02 0.00000e+00
5.38928e+02 4.77448e+02 0.00000e+00
5.36934e+02 4.79690e+02 0.00000e+00
5.34930e+02 4.81923e+02 0.00000e+00
5.32918e+02 4.84147e+02 0.00000e+00
5.30896e+02 4.86364e+02 0.00000e+00
5.28865e+02 4.88571e+02 0.00000e+00
5.26825e+02 4.90771e+02 0.00000e+00
5.24775e+02 4.92961e+02 0.00000e+00
5.22717e+02 4.95144e+02 0.00000e+00
5.20649e+02 4.97317e+02 0.00000e+00
5.18573e+02 4.99482e+02 0.00000e+00
5.16487e+02 5.01639e+02 0.00000e+00
5.14392e+02 5.03786e+02 0.00000e+00
5.12289e+02 5.05925e+02 0.00000e+00
5.10176e+02 5.08055e+02 0.00000e+00
5.08055e+02 5.10176e+02 0.00000e+00
5.05925e+02 5.12289e+02 0.00000e+00
5.03786e+02 5.14392e+02 0.00000e+00
5.01639e+02 5.16487e+02 0.00000e+00
4.99482e+02 5.18573e+02 0.00000e+00
4.97317e+02 5.20649e+02 0.00000e+00
4.95144e+02 5.22717e+02 0.00000e+00
4.92961e+02 5.24775e+02 0.00000e+00
4.90771e+02 5.26825e+02 0.00000e+00
4.88571e+02 5.28865e+02 0.00000e+00
4.86364e+02 5.30896e+02 0.00000e+00
4.84147e+02 5.32918e+02 0.00000e+00
4.81923e+02 5.34930e+02 0.00000e+00
4.79690e+02 5.36934e+02 0.00000e+00
4.77448e+02 5.38928e+02 0.00000e+00
4.75199e+02 5.40912e+02 0.00000e+00
4.72941e+02 5.42888e+02 0.00000e+00
4.70675e+02 5.44853e+02 0.00000e+00
4.68401e+02 5.46810e+02 0.00000e+00
4.66118e+02 5.48757e+02 0.00000e+00
4.63828e+02 5.50694e+02 0.00000e+00
4.61529e+02 5.52622e+02 0.00000e+00
4.59223e+02 5.54540e+02 0.00000e+00
4.56908e+02 5.56449e+02 0.00000e+00
4.54586e+02 5.58347e+02 0.00000e+00
4.52255e+02 5.60237e+02 0.00000e+00
4.49917e+02 5.62116e+02 0.00000e+00
4.47571e+02 5.63986e+02 0.00000e+00
4.45217e+02 5.65846e+02 0.00000e+00
4.42856e+02 5.67696e+02 0.00000e+00
4.40487e+02 5.69536e+02 0.00000e+00
4.38110e+02 5.71367e+02 0.00000e+00
4.35725e+02 5.73187e+02 0.00000e+00
4.33333e+02 5.74998e+02 0.00000e+00
4.30934e+02 5.76798e+02 0.00000e+00
4.28527e+02 5.78589e+02 0.00000e+00
4.26112e+02 5.80369e+02 0.00000e+00
4.23691e+02 5.82139e+02 0.00000e+00
4.21261e+02 5.83900e+02 0.00000e+00
4.18825e+02 5.85650e+02 0.00000e+00
4.16381e+02 5.87390e+02 0.00000e+00
4.13930e+02 5.89120e+02 0.00000e+00
4.11472e+02 5.90839e+02 0.00000e+00
4.09007e+02 5.92548e+02 0.00000e+00
4.06534e+02 5.94247e+02 0.00000e+00
4.04055e+02 5.95936e+02 0.00000e+00
4.01568e+02 5.97614e+02 0.00000e+00
3.99075e+02 5.99282e+02 0.00000e+00
3.96574e+02 6.00940e+02 0.00000e+00
3.94067e+02 6.02587e+02 0.00000e+00
3.91553e+02 6.04224e+02 0.00000e+00
3.89032e+02 6.05850e+02 0.00000e+00
3.86504e+02 6.07466e+02 0.00000e+00
3.83970e+02 6.09071e+02 0.00000e+00
3.81429e+02 6.10665e+02 0.00000e+00
3.78881e+02 6.12249e+02 0.00000e+00
3.76327e+02 6.13823e+02 0.00000e+00
3.73766e+02 6.15385e+02 0.00000e+00
3.71199e+02 6.16937e+02 0.00000e+00
3.68625e+02 6.18478e+02 0.00000e+00
3.66045e+02 6.20009e+02 0.00000e+00
3.63458e+02 6.21529e+02 0.00000e+00
3.60866e+02 6.23038e+02 0.00000e+00
3.58267e+02 6.24536e+02 0.00000e+00
3.55661e+02 6.26023e+02 0.00000e+00
3.53050e+02 6.27500e+02 0.00000e+00
3.50432e+02 6.28965e+02 0.00000e+00
3.47809e+02 6.30420e+02 0.00000e+00
3.45179e+02 6.31864e+02 0.00000e+00
3.42543e+02 6.33296e+02 0.00000e+00
3.39902e+02 6.34718e+02 0.00000e+00
3.37254e+02 6.36129e+02 0.00000e+00
3.34601e+02 6.37528e+02 0.00000e+00
3.31941e+02 6.38917e+02 0.00000e+00
3.29277e+02 6.40294e+02 0.00000e+00
3.26606e+02 6.41661e+02 0.00000e+00
3.23929e+02 6.43016e+02 0.00000e+00
3.21248e+02 6.44360e+02 0.00000e+00
3.18560e+02 6.45693e+02 0.00000e+00
3.15867e+02 6.47015e+02 0.00000e+00
3.13168e+02 6.48325e+02 0.00000e+00
3.10464e+02 6.49624e+02 0.00000e+00
3.07755e+02 6.50912e+02 0.00000e+00
3.05040e+02 6.52189e+02 0.00000e+00
3.02320e+02 6.53454e+02 0.00000e+00
2.99595e+02 6.54708e+02 0.00000e+00
2.96864e+02 6.55951e+02 0.00000e+00
2.94129e+02 6.57182e+02 0.00000e+00
2.91388e+02 6.58402e+02 0.00000e+00
2.88642e+02 6.59610e+02 0.00000e+00
2.85891e+02 6.60807e+02 0.00000e+00
2.83136e+02 6.61993e+02 0.00000e+00
2.80375e+02 6.63167e+02 0.00000e+00
2.77609e+02 6.64329e+02 0.00000e+00
2.74839e+02 6.65480e+02 0.00000e+00
2.72064e+02 6.66619e+02 0.00000e+00
2.69284e+02 6.67747e+02 0.00000e+00
2.66499e+02 6.68863e+02 0.00000e+00
2.63710e+02 6.69968e+02 0.00000e+00
2.60917e+02 6.71061e+02 0.00000e+00
2.58118e+02 6.72142e+02 0.00000e+00
2.55316e+02 6.73212e+02 0.00000e+00
2.52508e+02 6.74270e+02 0.00000e+00
2.49697e+02 6.75316e+02 0.00000e+00
2.46881e+02 6.76350e+02 0.00000e+00
2.44061e+02 6.77373e+02 0.00000e+00
2.41236e+02 6.78384e+02 0.00000e+00
2.38408e+02 6.79383e+02 0.00000e+00
2.35575e+02 6.80371e+02 0.00000e+00
2.32738e+02 6.81346e+02 0.00000e+00
2.29897e+02 6.82310e+02 0.00000e+00
2.27052e+02 6.83262e+02 0.00000e+00
2.24203e+02 6.84202e+02 0.00000e+00
2.21351e+02 6.85131e+02 0.00000e+00
2.18494e+02 6.86047e+02 0.00000e+00
2.15634e+02 6.86951e+02 0.00000e+00
2.12770e+02 6.87844e+02 0.00000e+00
2.09902e+02 6.88724e+02 0.00000e+00
2.07030e+02 6.89593e+02 0.00000e+00
2.04155e+02 6.90450e+02 0.00000e+00
2.01277e+02 6.91294e+02 0.00000e+00
1.98395e+02 6.92127e+02 0.00000e+00
1.95509e+02 6.92947e+02 0.00000e+00
1.92620e+02 6.93756e+02 0.00000e+00
1.89728e+02 6.94553e+02 0.00000e+00
1.86833e+02 6.95337e+02 0.00000e+00
1.83934e+02 6.96109e+02 0.00000e+00
1.81032e+02 6.96870e+02 0.00000e+00
1.78127e+02 6.97618e+02 0.00000e+00
1.75219e+02 6.98354e+02 0.00000e+00
1.72307e+02 6.99078e+02 0.00000e+00
1.69393e+02 6.99790e+02 0.00000e+00
1.66476e+02 7.00490e+02 0.00000e+00
1.63556e+02 7.01177e+02 0.00000e+00
1.60633e+02 7.01853e+02 0.00000e+00
1.57707e+02 7.02516e+02 0.00000e+00
1.54779e+02 7.03167e+02 0.00000e+00
1.51848e+02 7.03806e+02 0.00000e+00
1.48914e+02 7.04432e+02 0.00000e+00
1.45977e+02 7.05047e+02 0.00000e+00
1.43039e+02 7.05649e+02 0.00000e+00
1.40097e+02 7.06238e+02 0.00000e+00
1.37153e+02 7.06816e+02 0.00000e+00
1.34207e+02 7.07381e+02 0.00000e+00
1.31259e+02 7.07934e+02 0.00000e+00
1.28308e+02 7.08475e+02 0.00000e+00
1.25355e+02 7.09004e+02 0.00000e+00
1.22400e+02 7.09520e+02 0.00000e+00
1.19442e+02 7.10024e+02 0.00000e+00
1.16483e+02 7.10515e+02 0.00000e+00
1.13522e+02 7.10994e+02 0.00000e+00
1.10558e+02 7.11461e+02 0.00000e+00
1.07593e+02 7.11916e+02 0.00000e+00
1.04626e+02 7.12358e+02 0.00000e+00
1.01657e+02 7.12787e+02 0.00000e+00
9.86860e+01 7.13205e+02 0.00000e+00
9.57136e+01 7.13610e+02 0.00000e+00
9.27394e+01 7.14002e+02 0.00000e+00
8.97637e+01 7.14383e+02 0.00000e+00
8.67864e+01 7.14750e+02 0.00000e+00
8.38076e+01 7.15106e+02 0.00000e+00
8.08274e+01 7.15449e+02 0.00000e+00
7.78457e+01 7.15779e+02 0.00000e+00
7.48627e+01 7.16097e+02 0.00000e+00
7.18784e+01 7.16403e+02 0.00000e+00
6.88928e+01 7.16696e+02 0.00000e+00
6.59061e+01 7.16977e+02 0.00000e+00
6.29182e+01 7.17246e+02 0.00000e+00
5.99292e+01 7.17502e+02 0.00000e+00
5.69391e+01 7.17745e+02 0.00000e+00
5.39481e+01 7.17976e+02 0.00000e+00
5.09562e+01 7.18195e+02 0.00000e+00
4.79633e+01 7.18401e+02 0.00000e+00
4.49697e+01 7.18594e+02 0.00000e+00
4.19752e+01 7.18775e+02 0.00000e+00
3.89800e+01 7.18944e+02 0.00000e+00
3.59842e+01 7.19100e+02 0.00000e+00
3.29877e+01 7.19244e+02 0.00000e+00
2.99906e+01 7.19375e+02 0.00000e+00
2.69930e+01 7.19494e+02 0.00000e+00
2.39950e+01 7.19600e+02 0.00000e+00
2.09965e+01 7.19694e+02 0.00000e+00
1.79977e+01 7.19775e+02 0.00000e+00
1.49986e+01 7.19844e+02 0.00000e+00
1.19992e+01 7.19900e+02 0.00000e+00
8.99955e+00 7.19944e+02 0.00000e+00
5.99979e+00 7.19975e+02 0.00000e+00
2.99992e+00 7.19994e+02 0.00000e+00
0.00000e+00 7.20000e+02 0.00000e+00
-2.99992e+00 7.19994e+02 0.00000e+00
-5.99979e+00 7.19975e+02 0.00000e+00
-8.99955e+00 7.19944e+02 0.00000e+00
-1.19992e+01 7.19900e+02 0.00000e+00
-1.49986e+01 7.19844e+02 0.00000e+00
-1.79977e+01 7.19775e+02 0.00000e+00
-2.09965e+01 7.19694e+02 0.00000e+00
-2.39950e+01 7.19600e+02 0.00000e+00
-2.69930e+01 7.19494e+02 0.00000e+00
-2.99906e+01 7.19375e+02 0.00000e+00
-3.29877e+01 7.19244e+02 0.00000e+00
-3.59842e+01 7.19100e+02 0.00000e+00
-3.89800e+01 7.18944e+02 0.00000e+00
-4.19752e+01 7.18775e+02 0.00000e+00
-4.49697e+01 7.18594e+02 0.00000e+00
-4.79633e+01 7.18401e+02 0.00000e+00
-5.09562e+01 7.18195e+02 0.00000e+00
-5.39481e+01 7.17976e+02 0.00000e+00
-5.69391e+01 7.17745e+02 0.00000e+00
-5.99292e+01 7.17502e+02 0.00000e+00
-6.29182e+01 7.17246e+02 0.00000e+00
-6.59061e+01 7.16977e+02 0.00000e+00
-6.88928e+01 7.16696e+02 0.00000e+00
-7.18784e+01 7.16403e+02 0.00000e+00
-7.48627e+01 7.16097e+02 0.00000e+00
-7.78457e+01 7.15779e+02 0.00000e+00
-8.08274e+01 7.15449e+02 0.00000e+00
-8.38076e+01 7.15106e+02 0.00000e+00
-8.67864e+01 7.14750e+02 0.00000e+00
-8.97637e+01 7.14383e+02 0.00000e+00
-9.27394e+01 7.14002e+02 0.00000e+00
-9.57136e+01 7.13610e+02 0.00000e+00
-9.86860e+01 7.13205e+02 0.00000e+00
-1.01657e+02 7.12787e+02 0.00000e+00
-1.04626e+02 7.12358e+02 0.00000e+00
-1.07593e+02 7.11916e+02 0.00000e+00
-1.10558e+02 7.11461e+02 0.00000e+00
-1.13522e+02 7.10994e+02 0.00000e+00
-1.16483e+02 7.10515e+02 0.00000e+00
-1.19442e+02 7.10024e+02 0.00000e+00
-1.22400e+02 7.09520e+02 0.00000e+00
-1.25355e+02 7.09004e+02 0.00000e+00
-1.28308e+02 7.08475e+02 0.00000e+00
-1.31259e+02 7.07934e+02 0.00000e+00
-1.34207e+02 7.07381e+02 0.00000e+00
-1.37153e+02 7.06816e+02 0.00000e+00
-1.40097e+02 7.06238e+02 0.00000e+00
-1.43039e+02 7.05649e+02 0.00000e+00
-1.45977e+02 7.05047e+02 0.00000e+00
-1.48914e+02 7.04432e+02 0.00000e+00
-1.51848e+02 7.03806e+02 0.00000e+00
-1.54779e+02 7.03167e+02 0.00000e+00
-1.57707e+02 7.02516e+02 0.00000e+00
-1.60633e+02 7.01853e+02 0.00000e+00
-1.63556e+02 7.01177e+02 0.00000e+00
-1.66476e+02 7.00490e+02 0.00000e+00
-1.69393e+02 6.99790e+02 0.00000e+00
-1.72307e+02 6.99078e+02 0.00000e+00
-1.75219e+02 6.98354e+02 0.00000e+00
-1.78127e+02 6.97618e+02 0.00000e+00
-1.81032e+02 6.96870e+02 0.00000e+00
-1.83934e+02 6.96109e+02 0.00000e+00
-1.86833e+02 6.95337e+02 0.00000e+00
-1.89728e+02 6.94553e+02 0.00000e+00
-1.92620e+02 6.93756e+02 0.00000e+00
-1.95509e+02 6.92947e+02 0.00000e+00
-1.98395e+02 6.92127e+02 0.00000e+00
-2.01277e+02 6.91294e+02 0.00000e+00
-2.04155e+02 6.90450e+02 0.00000e+00
-2.07030e+02 6.89593e+02 0.00000e+00
-2.09902e+02 6.88724e+02 0.00000e+00
-2.12770e+02 6.87844e+02 0.00000e+00
-2.15634e+02 6.86951e+02 0.00000e+00
-2.18494e+02 6.86047e+02 0.00000e+00
-2.21351e+02 6.85131e+02 0.00000e+00
-2.24203e+02 6.84202e+02 0.00000e+00
-2.27052e+02 6.83262e+02 0.00000e+00
-2.29897e+02 6.82310e+02 0.00000e+00
-2.32738e+02 6.81346e+02 0.00000e+00
-2.35575e+02 6.80371e+02 0.00000e+00
-2.38408e+02 6.79383e+02 0.00000e+00
-2.41236e+02 6.78384e+02 0.00000e+00
-2.44061e+02 6.77373e+02 0.00000e+00
-2.46881e+02 6.76350e+02 0.00000e+00
-2.49697e+02 6.75316e+02 0.00000e+00
-2.52508e+02 6.74270e+02 0.00000e+00
-2.55316e+02 6.73212e+02 0.00000e+00
-2.58118e+02 6.72142e+02 0.00000e+00
-2.60917e+02 6.71061e+02 0.00000e+00
-2.63710e+02 6.69968e+02 0.00000e+00
-2.66499e+02 6.68863e+02 0.00000e+00
-2.69284e+02 6.67747e+02 0.00000e+00
-2.72064e+02 6.66619e+02 0.00000e+00
-2.74839e+02 6.65480e+02 0.00000e+00
-2.77609e+02 6.64329e+02 0.00000e+00
-2.80375e+02 6.63167e+02 0.00000e+00
-2.83136e+02 6.61993e+02 0.00000e+00
-2.85891e+02 6.60807e+02 0.00000e+00
-2.88642e+02 6.59610e+02 0.00000e+00
-2.91388e+02 6.58402e+02 0.00000e+00
-2.94129e+02 6.57182e+02 0.00000e+00
-2.96864e+02 6.55951e+02 0.00000e+00
-2.99595e+02 6.54708e+02 0.00000e+00
-3.02320e+02 6.53454e+02 0.00000e+00
-3.05040e+02 6.52189e+02 0.00000e+00
-3.07755e+02 6.50912e+02 0.00000e+00
-3.10464e+02 6.49624e+02 0.00000e+00
-3.13168e+02 6.48325e+02 0.00000e+00
-3.15867e+02 6.47015e+02 0.00000e+00
-3.18560e+02 6.45693e+02 0.00000e+00
-3.21248e+02 6.44360e+02 0.00000e+00
-3.23929e+02 6.43016e+02 0.00000e+00
-3.26606e+02 6.41661e+02 0.00000e+00
-3.29277e+02 6.40294e+02 0.00000e+00
-3.31941e+02 6.38917e+02 0.00000e+00
-3.34601e+02 6.37528e+02 0.00000e+00
-3.37254e+02 6.36129e+02 0.00000e+00
-3.39902e+02 6.34718e+02 0.00000e+00
-3.42543e+02 6.33296e+02 0.00000e+00
-3.45179e+02 6.31864e+02 0.00000e+00
-3.47809e+02 6.30420e+02 0.00000e+00
-3.50432e+02 6.28965e+02 0.00000e+00
-3.53050e+02 6.27500e+02 0.00000e+00
-3.55661e+02 6.26023e+02 0.00000e+00
-3.58267e+02 6.24536e+02 0.00000e+00
-3.60866e+02 6.23038e+02 0.00000e+00
-3.63458e+02 6.21529e+02 0.00000e+00
-3.66045e+02 6.20009e+02 0.00000e+00
-3.68625e+02 6.18478e+02 0.00000e+00
-3.71199e+02 6.16937e+02 0.00000e+00
-3.73766e+02 6.15385e+02 0.00000e+00
-3.76327e+02 6.13823e+02 0.00000e+00
-3.78881e+02 6.12249e+02 0.00000e+00
-3.81429e+02 6.10665e+02 0.00000e+00
-3.83970e+02 6.09071e+02 0.00000e+00
-3.86504e+02 6.07466e+02 0.00000e+00
-3.89032e+02 6.05850e+02 0.00000e+00
-3.91553e+02 6.04224e+02 0.00000e+00
-3.94067e+02 6.02587e+02 0.00000e+00
-3.96574e+02 6.00940e+02 0.00000e+00
-3.99075e+02 5.99282e+02 0.00000e+00
-4.01568e+02 5.97614e+02 0.00000e+00
-4.04055e+02 5.95936e+02 0.00000e+00
-4.06534e+02 5.94247e+02 0.00000e+00
-4.09007e+02 5.92548e+02 0.00000e+00
-4.11472e+02 5.90839e+02 0.00000e+00
-4.13930e+02 5.89120e+02 0.00000e+00
-4.16381e+02 5.87390e+02 0.00000e+00
-4.18825e+02 5.85650e+02 0.00000e+00
-4.21261e+02 5.83900e+02 0.00000e+00
-4.23691e+02 5.82139e+02 0.00000e+00
-4.26112e+02 5.80369e+02 0.00000e+00
-4.28527e+02 5.78589e+02 0.00000e+00
-4.30934e+02 5.76798e+02 0.00000e+00
-4.33333e+02 5.74998e+02 0.00000e+00
-4.35725e+02 5.73187e+02 0.00000e+00
-4.38110e+02 5.71367e+02 0.00000e+00
-4.40487e+02 5.69536e+02 0.00000e+00
-4.42856e+02 5.67696e+02 0.00000e+00
-4.45217e+02 5.65846e+02 0.00000e+00
-4.47571e+02 5.63986e+02 0.00000e+00
-4.49917e+02 5.62116e+02 0.00000e+00
-4.52255e+02 5.60237e+02 0.00000e+00
-4.54586e+02 5.58347e+02 0.00000e+00
-4.56908e+02 5.56449e+02 0.00000e+00
-4.59223e+02 5.54540e+02 0.00000e+00
-4.61529e+02 5.52622e+02 0.00000e+00
-4.63828e+02 5.50694e+02 0.00000e+00
-4.66118e+02 5.48757e+02 0.00000e+00
-4.68401e+02 5.46810e+02 0.00000e+00
-4.70675e+02 5.44853e+02 0.00000e+00
-4.72941e+02 5.42888e+02 0.00000e+00
-4.75199e+02 5.40912e+02 0.00000e+00
-4.77448e+02 5.38928e+02 0.00000e+00
-4.79690e+02 5.36934e+02 0.00000e+00
-4.81923e+02 5.34930e+02 0.00000e+00
-4.84147e+02 5.32918e+02 0.00000e+00
-4.86364e+02 5.30896e+02 0.00000e+00
-4.88571e+02 5.28865e+02 0.00000e+00
-4.90771e+02 5.26825e+02 0.00000e+00
-4.92961e+02 5.24775e+02 0.00000e+00
-4.95144e+02 5.22717e+02 0.00000e+00
-4.97317e+02 5.20649e+02 0.00000e+00
-4.99482e+02 5.18573e+02 0.00000e+00
-5.01639e+02 5.16487e+02 0.00000e+00
-5.03786e+02 5.14392e+02 0.00000e+00
-5.05925e+02 5.12289e+02 0.00000e+00
-5.08055e+02 5.10176e+02 0.00000e+00
-5.10176e+02 5.08055e+02 0.00000e+00
-5.12289e+02 5.05925e+02 0.00000e+00
-5.14392e+02 5.03786e+02 0.00000e+00
-5.16487e+02 5.01639e+02 0.00000e+00
-5.18573e+02 4.99482e+02 0.00000e+00
-5.20649e+02 4.97317e+02 0.00000e+00
-5.22717e+02 4.95144e+02 0.00000e+00
-5.24775e+02 4.92961e+02 0.00000e+00
-5.26825e+02 4.90771e+02 0.00000e+00
-5.28865e+02 4.88571e+02 0.00000e+00
-5.30896e+02 4.86364e+02 0.00000e+00
-5.32918e+02 4.84147e+02 0.00000e+00
-5.34930e+02 4.81923e+02 0.00000e+00
-5.36934e+02 4.79690e+02 0.00000e+00
-5.38928e+02 4.77448e+02 0.00000e+00
-5.40912e+02 4.75199e+02 0.00000e+00
-5.42888e+02 4.72941e+02 0.00000e+00
-5.44853e+02 4.70675e+02 0.00000e+00
-5.46810e+02 4.68401e+02 0.00000e+00
-5.48757e+02 4.66118e+02 0.00000e+00
-5.50694e+02 4.63828e+02 0.00000e+00
-5.52622e+02 4.61529e+02 0.00000e+00
-5.54540e+02 4.59223e+02 0.00000e+00
-5.56449e+02 4.56908e+02 0.00000e+00
-5.58347e+02 4.54586e+02 0.00000e+00
-5.60237e+02 4.52255e+02 0.00000e+00
-5.62116e+02 4.49917e+02 0.00000e+00
-5.63986e+02 4.47571e+02 0.00000e+00
-5.65846e+02 4.45217e+02 0.00000e+00
-5.67696e+02 4.42856e+02 0.00000e+00
-5.69536e+02 4.40487e+02 0.00000e+00
-5.71367e+02 4.38110e+02 0.00000e+00
-5.73187e+02 4.35725e+02 0.00000e+00
-5.74998e+02 4.33333e+02 0.00000e+00
-5.76798e+02 4.30934e+02 0.00000e+00
-5.78589e+02 4.28527e+02 0.00000e+00
-5.80369e+02 4.26112e+02 0.00000e+00
-5.82139e+02 4.23691e+02 0.00000e+00
-5.83900e+02 4.21261e+02 0.00000e+00
-5.85650e+02 4.18825e+02 0.00000e+00
-5.87390e+02 4.16381e+02 0.00000e+00
-5.89120e+02 4.13930e+02 0.00000e+00
-5.90839e+02 4.11472e+02 0.00000e+00
-5.92548e+02 4.09007e+02 0.00000e+00
-5.94247e+02 4.06534e+02 0.00000e+00
-5.95936e+02 4.04055e+02 0.00000e+00
-5.97614e+02 4.01568e+02 0.00000e+00
-5.99282e+02 3.99075e+02 0.00000e+00
-6.00940e+02 3.96574e+02 0.00000e+00
-6.02587e+02 3.94067e+02 0.00000e+00
-6.04224e+02 3.91553e+02 0.00000e+00
-6.05850e+02 3.89032e+02 0.00000e+00
-6.07466e+02 3.86504e+02 0.00000e+00
-6.09071e+02 3.83970e+02 0.00000e+00
-6.10665e+02 3.81429e+02 0.00000e+00
-6.12249e+02 3.78881e+02 0.00000e+00
-6.13823e+02 3.76327e+02 0.00000e+00
-6.15385e+02 3.73766e+02 0.00000e+00
-6.16937e+02 3.71199e+02 0.00000e+00
-6.18478e+02 3.68625e+02 0.00000e+00
-6.20009e+02 3.66045e+02 0.00000e+00
-6.21529e+02 3.63458e+02 0.00000e+00
-6.23038e+02 3.60866e+02 0.00000e+00
-6.24536e+02 3.58267e+02 0.00000e+00
-6.26023e+02 3.55661e+02 0.00000e+00
-6.27500e+02 3.53050e+02 0.00000e+00
-6.28965e+02 3.50432e+02 0.00000e+00
-6.30420e+02 3.47809e+02 0.00000e+00
-6.31864e+02 3.45179e+02 0.00000e+00
-6.33296e+02 3.42543e+02 0.00000e+00
-6.34718e+02 3.39902e+02 0.00000e+00
-6.36129e+02 3.37254e+02 0.00000e+00
-6.37528e+02 3.34601e+02 0.00000e+00
-6.38917e+02 3.31941e+02 0.00000e+00
-6.40294e+02 3.29277e+02 0.00000e+00
-6.41661e+02 3.26606e+02 0.00000e+00
-6.43016e+02 3.23929e+02 0.00000e+00
-6.44360e+02 3.21248e+02 0.00000e+00
-6.45693e+02 3.18560e+02 0.00000e+00
-6.47015e+02 3.15867e+02 0.00000e+00
-6.48325e+02 3.13168e+02 0.00000e+00
-6.49624e+02 3.10464e+02 0.00000e+00
-6.50912e+02 3.07755e+02 0.00000e+00
-6.52189e+02 3.05040e+02 0.00000e+00
-6.53454e+02 3.02320e+02 0.00000e+00
-6.54708e+02 2.99595e+02 0.00000e+00
-6.55951e+02 2.96864e+02 0.00000e+00
-6.57182e+02 2.94129e+02 0.00000e+00
-6.58402e+02 2.91388e+02 0.00000e+00
-6.59610e+02 2.88642e+02 0.00000e+00
-6.60807e+02 2.85891e+02 0.00000e+00
-6.61993e+02 2.83136e+02 0.00000e+00
-6.63167e+02 2.80375e+02 0.00000e+00
-6.64329e+02 2.77609e+02 0.00000e+00
-6.65480e+02 2.74839e+02 0.00000e+00
-6.66619e+02 2.72064e+02 0.00000e+00
-6.67747e+02 2.69284e+02 0.00000e+00
-6.68863e+02 2.66499e+02 0.00000e+00
-6.69968e+02 2.63710e+02 0.00000e+00
-6.71061e+02 2.60917e+02 0.00000e+00
-6.72142e+02 2.58118e+02 0.00000e+00
-6.73212e+02 2.55316e+02 0.00000e+00
-6.74270e+02 2.52508e+02 0.00000e+00
-6.75316e+02 2.49697e+02 0.00000e+00
-6.76350e+02 2.46881e+02 0.00000e+00
-6.77373e+02 2.44061e+02 0.00000e+00
-6.78384e+02 2.41236e+02 0.00000e+00
-6.79383e+02 2.38408e+02 0.00000e+00
-6.80371e+02 2.35575e+02 0.00000e+00
-6.81346e+02 2.32738e+02 0.00000e+00
-6.82310e+02 2.29897e+02 0.00000e+00
-6.83262e+02 2.27052e+02 0.00000e+00
-6.84202e+02 2.24203e+02 0.00000e+00
-6.85131e+02 2.21351e+02 0.00000e+00
-6.86047e+02 2.18494e+02 0.00000e+00
-6.86951e+02 2.15634e+02 0.00000e+00
-6.87844e+02 2.12770e+02 0.00000e+00
-6.88724e+02 2.09902e+02 0.00000e+00
-6.89593e+02 2.07030e+02 0.00000e+00
-6.90450e+02 2.04155e+02 0.00000e+00
-6.91294e+02 2.01277e+02 0.00000e+00
-6.92127e+02 1.98395e+02 0.00000e+00
-6.92947e+02 1.95509e+02 0.00000e+00
-6.93756e+02 1.92620e+02 0.00000e+00
-6.94553e+02 1.89728e+02 0.00000e+00
-6.95337e+02 1.86833e+02 0.00000e+00
-6.96109e+02 1.83934e+02 0.00000e+00
-6.96870e+02 1.81032e+02 0.00000e+00
-6.97618e+02 1.78127e+02 0.00000e+00
-6.98354e+02 1.75219e+02 0.00000e+00
-6.99078e+02 1.72307e+02 0.00000e+00
-6.99790e+02 1.69393e+02 0.00000e+00
-7.00490e+02 1.66476e+02 0.00000e+00
-7.01177e+02 1.63556e+02 0.00000e+00
-7.01853e+02 1.60633e+02 0.00000e+00
-7.02516e+02 1.57707e+02 0.00000e+00
-7.03167e+02 1.54779e+02 0.00000e+00
-7.03806e+02 1.51848e+02 0.00000e+00
-7.04432e+02 1.48914e+02 0.00000e+00
-7.05047e+02 1.45977e+02 0.00000e+00
-7.05649e+02 1.43039e+02 0.00000e+00
-7.06238e+02 1.40097e+02 0.00000e+00
-7.06816e+02 1.37153e+02 0.00000e+00
-7.07381e+02 1.34207e+02 0.00000e+00
-7.07934e+02 1.31259e+02 0.00000e+00
-7.08475e+02 1.28308e+02 0.00000e+00
-7.09004e+02 1.25355e+02 0.00000e+00
-7.09520e+02 1.22400e+02 0.00000e+00
-7.10024e+02 1.19442e+02 0.00000e+00
-7.10515e+02 1.16483e+02 0.00000e+00
-7.10994e+02 1.13522e+02 0.00000e+00
-7.11461e+02 1.10558e+02 0.00000e+00
-7.11916e+02 1.07593e+02 0.00000e+00
-7.12358e+02 1.04626e+02 0.00000e+00
-7.12787e+02 1.01657e+02 0.00000e+00
-7.13205e+02 9.86860e+01 0.00000e+00
-7.13610e+02 9.57136e+01 0.00000e+00
-7.14002e+02 9.27394e+01 0.00000e+00
-7.14383e+02 8.97637e+01 0.00000e+00
-7.14750e+02 8.67864e+01 0.00000e+00
-7.15106e+02 8.38076e+01 0.00000e+00
-7.15449e+02 8.08274e+01 0.00000e+00
-7.15779e+02 7.78457e+01 0.00000e+00
-7.16097e+02 7.48627e+01 0.00000e+00
-7.16403e+02 7.18784e+01 0.00000e+00
-7.16696e+02 6.88928e+01 0.00000e+00
-7.16977e+02 6.59061e+01 0.00000e+00
-7.17246e+02 6.29182e+01 0.00000e+00
-7.17502e+02 5.99292e+01 0.00000e+00
-7.17745e+02 5.69391e+01 0.00000e+00
-7.17976e+02 5.39481e+01 0.00000e+00
-7.18195e+02 5.09562e+01 0.00000e+00
-7.18401e+02 4.79633e+01 0.00000e+00
-7.18594e+02 4.49697e+01 0.00000e+00
-7.18775e+02 4.19752e+01 0.00000e+00
-7.18944e+02 3.89800e+01 0.00000e+00
-7.19100e+02 3.59842e+01 0.00000e+00
-7.19244e+02 3.29877e+01 0.00000e+00
-7.19375e+02 2.99906e+01 0.00000e+00
-7.19494e+02 2.69930e+01 0.00000e+00
-7.19600e+02 2.39950e+01 0.00000e+00
-7.19694e+02 2.09965e+01 0.00000e+00
-7.19775e+02 1.79977e+01 0.00000e+00
-7.19844e+02 1.49986e+01 0.00000e+00
-7.19900e+02 1.19992e+01 0.00000e+00
-7.19944e+02 8.99955e+00 0.00000e+00
-7.19975e+02 5.99979e+00 0.00000e+00
-7.19994e+02 2.99992e+00 0.00000e+00
-7.20000e+02 0.00000e+00 0.00000e+00
-7.19994e+02 -2.99992e+00 0.00000e+00
-7.19975e+02 -5.99979e+00 0.00000e+00
-7.19944e+02 -8.99955e+00 0.00000e+00
-7.19900e+02 -1.19992e+01 0.00000e+00
-7.19844e+02 -1.49986e+01 0.00000e+00
-7.19775e+02 -1.79977e+01 0.00000e+00
-7.19694e+02 -2.09965e+01 0.00000e+00
-7.19600e+02 -2.39950e+01 0.00000e+00
-7.19494e+02 -2.69930e+01 0.00000e+00
-7.19375e+02 -2.99906e+01 0.00000e+00
-7.19244e+02 -3.29877e+01 0.00000e+00
-7.19100e+02 -3.59842e+01 0.00000e+00
-7.18944e+02 -3.89800e+01 0.00000e+00
-7.18775e+02 -4.19752e+01 0.00000e+00
-7.18594e+02 -4.49697e+01 0.00000e+00
-7.18401e+02 -4.79633e+01 0.00000e+00
-7.18195e+02 -5.09562e+01 0.00000e+00
-7.17976e+02 -5.39481e+01 0.00000e+00
-7.17745e+02 -5.69391e+01 0.00000e+00
-7.17502e+02 -5.99292e+01 0.00000e+00
-7.17246e+02 -6.29182e+01 0.00000e+00
-7.16977e+02 -6.59061e+01 0.00000e+00
-7.16696e+02 -6.88928e+01 0.00000e+00
-7.16403e+02 -7.18784e+01 0.00000e+00
-7.16097e+02 -7.48627e+01 0.00000e+00
-7.15779e+02 -7.78457e+01 0.00000e+00
-7.15449e+02 -8.08274e+01 0.00000e+00
-7.15106e+02 -8.38076e+01 0.00000e+00
-7.14750e+02 -8.67864e+01 0.00000e+00
-7.14383e+02 -8.97637e+01 0.00000e+00
-7.14002e+02 -9.27394e+01 0.00000e+00
-7.13610e+02 -9.57136e+01 0.00000e+00
-7.13205e+02 -9.86860e+01 0.00000e+00
-7.12787e+02 -1.01657e+02 0.00000e+00
-7.12358e+02 -1.04626e+02 0.00000e+00
-7.11916e+02 -1.07593e+02 0.00000e+00
-7.11461e+02 -1.10558e+02 0.00000e+00
-7.10994e+02 -1.13522e+02 0.00000e+00
-7.10515e+02 -1.16483e+02 0.00000e+00
-7.10024e+02 -1.19442e+02 0.00000e+00
-7.09520e+02 -1.22400e+02 0.00000e+00
-7.09004e+02 -1.25355e+02 0.00000e+00
-7.08475e+02 -1.28308e+02 0.00000e+00
-7.07934e+02 -1.31259e+02 0.00000e+00
-7.07381e+02 -1.34207e+02 0.00000e+00
-7.06816e+02 -1.37153e+02 0.00000e+00
-7.06238e+02 -1.40097e+02 0.00000e+00
-7.05649e+02 -1.43039e+02 0.00000e+00
-7.05047e+02 -1.45977e+02 0.00000e+00
-7.04432e+02 -1.48914e+02 0.00000e+00
-7.03806e+02 -1.51848e+02 0.00000e+00
-7.03167e+02 -1.54779e+02 0.00000e+00
-7.02516e+02 -1.57707e+02 0.00000e+00
-7.01853e+02 -1.60633e+02 0.00000e+00
-7.01177e+02 -1.63556e+02 0.00000e+00
-7.00490e+02 -1.66476e+02 0.00000e+00
-6.99790e+02 -1.69393e+02 0.00000e+00
-6.99078e+02 -1.72307e+02 0.00000e+00
-6.98354e+02 -1.75219e+02 0.00000e+00
-6.97618e+02 -1.78127e+02 0.00000e+00
-6.96870e+02 -1.81032e+02 0.00000e+00
-6.96109e+02 -1.83934e+02 0.00000e+00
-6.95337e+02 -1.86833e+02 0.00000e+00
-6.94553e+02 -1.89728e+02 0.00000e+00
-6.93756e+02 -1.92620e+02 0.00000e+00
-6.92947e+02 -1.95509e+02 0.00000e+00
-6.92127e+02 -1.98395e+02 0.00000e+00
-6.91294e+02 -2.01277e+02 0.00000e+00
-6.90450e+02 -2.04155e+02 0.00000e+00
-6.89593e+02 -2.07030e+02 0.00000e+00
-6.88724e+02 -2.09902e+02 0.00000e+00
-6.87844e+02 -2.12770e+02 0.00000e+00
-6.86951e+02 -2.15634e+02 0.00000e+00
-6.86047e+02 -2.18494e+02 0.00000e+00
-6.85131e+02 -2.21351e+02 0.00000e+00
-6.84202e+02 -2.24203e+02 0.00000e+00
-6.83262e+02 -2.27052e+02 0.00000e+00
-6.82310e+02 -2.29897e+02 0.00000e+00
-6.81346e+02 -2.32738e+02 0.00000e+00
-6.80371e+02 -2.35575e+02 0.00000e+00
-6.79383e+02 -2.38408e+02 0.00000e+00
-6.78384e+02 -2.41236e+02 0.00000e+00
-6.77373e+02 -2.44061e+02 0.00000e+00
-6.76350e+02 -2.46881e+02 0.00000e+00
-6.75316e+02 -2.49697e+02 0.00000e+00
-6.74270e+02 -2.52508e+02 0.00000e+00
-6.73212e+02 -2.55316e+02 0.00000e+00
-6.72142e+02 -2.58118e+02 0.00000e+00
-6.71061e+02 -2.60917e+02 0.00000e+00
-6.69968e+02 -2.63710e+02 0.00000e+00
-6.68863e+02 -2.66499e+02 0.00000e+00
-6.67747e+02 -2.69284e+02 0.00000e+00
-6.66619e+02 -2.72064e+02 0.00000e+00
-6.65480e+02 -2.74839e+02 0.00000e+00
-6.64329e+02 -2.77609e+02 0.00000e+00
-6.63167e+02 -2.80375e+02 0.00000e+00
-6.61993e+02 -2.83136e+02 0.00000e+00
-6.60807e+02 -2.85891e+02 0.00000e+00
-6.59610e+02 -2.88642e+02 0.00000e+00
-6.58402e+02 -2.91388e+02 0.00000e+00
-6.57182e+02 -2.94129e+02 0.00000e+00
-6.55951e+02 -2.96864e+02 0.00000e+00
-6.54708e+02 -2.99595e+02 0.00000e+00
-6.53454e+02 -3.02320e+02 0.00000e+00
-6.52189e+02 -3.05040e+02 0.00000e+00
-6.50912e+02 -3.07755e+02 0.00000e+00
-6.49624e+02 -3.10464e+02 0.00000e+00
-6.48325e+02 -3.13168e+02 0.00000e+00
-6.47015e+02 -3.15867e+02 0.00000e+00
-6.45693e+02 -3.18560e+02 0.00000e+00
-6.44360e+02 -3.21248e+02 0.00000e+00
-6.43016e+02 -3.23929e+02 0.00000e+00
-6.41661e+02 -3.26606e+02 0.00000e+00
-6.40294e+02 -3.29277e+02 0.00000e+00
-6.38917e+02 -3.31941e+02 0.00000e+00
-6.37528e+02 -3.34601e+02 0.00000e+00
-6.36129e+02 -3.37254e+02 0.00000e+00
-6.34718e+02 -3.39902e+02 0.00000e+00
-6.33296e+02 -3.42543e+02 0.00000e+00
-6.31864e+02 -3.45179e+02 0.00000e+00
-6.30420e+02 -3.47809e+02 0.00000e+00
-6.28965e+02 -3.50432e+02 0.00000e+00
-6.27500e+02 -3.53050e+02 0.00000e+00
-6.26023e+02 -3.55661e+02 0.00000e+00
-6.24536e+02 -3.58267e+02 0.00000e+00
-6.23038e+02 -3.60866e+02 0.00000e+00
-6.21529e+02 -3.63458e+02 0.00000e+00
-6.20009e+02 -3.66045e+02 0.00000e+00
-6.18478e+02 -3.68625e+02 0.00000e+00
-6.16937e+02 -3.71199e+02 0.00000e+00
-6.15385e+02 -3.73766e+02 0.00000e+00
-6.13823e+02 -3.76327e+02 0.00000e+00
-6.12249e+02 -3.78881e+02 0.00000e+00
-6.10665e+02 -3.81429e+02 0.00000e+00
-6.09071e+02 -3.83970e+02 0.00000e+00
-6.07466e+02 -3.86504e+02 0.00000e+00
-6.05850e+02 -3.89032e+02 0.00000e+00
-6.04224e+02 -3.91553e+02 0.00000e+00
-6.02587e+02 -3.94067e+02 0.00000e+00
-6.00940e+02 -3.96574e+02 0.00000e+00
-5.99282e+02 -3.99075e+02 0.00000e+00
-5.97614e+02 -4.01568e+02 0.00000e+00
-5.95936e+02 -4.04055e+02 0.00000e+00
-5.94247e+02 -4.06534e+02 0.00000e+00
-5.92548e+02 -4.09007e+02 0.00000e+00
-5.90839e+02 -4.11472e+02 0.00000e+00
-5.89120e+02 -4.13930e+02 0.00000e+00
-5.87390e+02 -4.16381e+02 0.00000e+00
-5.85650e+02 -4.18825e+02 0.00000e+00
-5.83900e+02 -4.21261e+02 0.00000e+00
-5.82139e+02 -4.23691e+02 0.00000e+00
-5.80369e+02 -4.26112e+02 0.00000e+00
-5.78589e+02 -4.28527e+02 0.00000e+00
-5.76798e+02 -4.30934e+02 0.00000e+00
-5.74998e+02 -4.33333e+02 0.00000e+00
-5.73187e+02 -4.35725e+02 0.00000e+00
-5.71367e+02 -4.38110e+02 0.00000e+00
-5.69536e+02 -4.40487e+02 0.00000e+00
-5.67696e+02 -4.42856e+02 0.00000e+00
-5.65846e+02 -4.45217e+02 0.00000e+00
-5.63986e+02 -4.47571e+02 0.00000e+00
-5.62116e+02 -4.49917e+02 0.00000e+00
-5.60237e+02 -4.52255e+02 0.00000e+00
-5.58347e+02 -4.54586e+02 0.00000e+00
-5.56449e+02 -4.56908e+02 0.00000e+00
-5.54540e+02 -4.59223e+02 0.00000e+00
-5.52622e+02 -4.61529e+02 0.00000e+00
-5.50694e+02 -4.63828e+02 0.00000e+00
-5.48757e+02 -4.66118e+02 0.00000e+00
-5.46810e+02 -4.68401e+02 0.00000e+00
-5.44853e+02 -4.70675e+02 0.00000e+00
-5.42888e+02 -4.72941e+02 0.00000e+00
-5.40912e+02 -4.75199e+02 0.00000e+00
-5.38928e+02 -4.77448e+02 0.00000e+00
-5.36934e+02 -4.79690e+02 0.00000e+00
-5.34930e+02 -4.81923e+02 0.00000e+00
-5.32918e+02 -4.84147e+02 0.00000e+00
-5.30896e+02 -4.86364e+02 0.00000e+00
-5.28865e+02 -4.88571e+02 0.00000e+00
-5.26825e+02 -4.90771e+02 0.00000e+00
-5.24775e+02 -4.92961e+02 0.00000e+00
-5.22717e+02 -4.95144e+02 0.00000e+00
-5.20649e+02 -4.97317e+02 0.00000e+00
-5.18573e+02 -4.99482e+02 0.00000e+00
-5.16487e+02 -5.01639e+02 0.00000e+00
-5.14392e+02 -5.03786e+02 0.00000e+00
-5.12289e+02 -5.05925e+02 0.00000e+00
-5.10176e+02 -5.08055e+02 0.00000e+00
-5.08055e+02 -5.10176e+02 0.00000e+00
-5.05925e+02 -5.12289e+02 0.00000e+00
-5.03786e+02 -5.14392e+02 0.00000e+00
-5.01639e+02 -5.16487e+02 0.00000e+00
-4.99482e+02 -5.18573e+02 0.00000e+00
-4.97317e+02 -5.20649e+02 0.00000e+00
-4.95144e+02 -5.22717e+02 0.00000e+00
-4.92961e+02 -5.24775e+02 0.00000e+00
-4.90771e+02 -5.26825e+02 0.00000e+00
-4.88571e+02 -5.28865e+02 0.00000e+00
-4.86364e+02 -5.30896e+02 0.00000e+00
-4.84147e+02 -5.32918e+02 0.00000e+00
-4.81923e+02 -5.34930e+02 0.00000e+00
-4.79690e+02 -5.36934e+02 0.00000e+00
-4.77448e+02 -5.38928e+02 0.00000e+00
-4.75199e+02 -5.40912e+02 0.00000e+00
-4.72941e+02 -5.42888e+02 0.00000e+00
-4.70675e+02 -5.44853e+02 0.00000e+00
-4.68401e+02 -5.46810e+02 0.00000e+00
-4.66118e+02 -5.48757e+02 0.00000e+00
-4.63828e+02 -5.50694e+02 0.00000e+00
-4.61529e+02 -5.52622e+02 0.00000e+00
-4.59223e+02 -5.54540e+02 0.00000e+00
-4.56908e+02 -5.56449e+02 0.00000e+00
-4.54586e+02 -5.58347e+02 0.00000e+00
-4.52255e+02 -5.60237e+02 0.00000e+00
-4.49917e+02 -5.62116e+02 0.00000e+00
-4.47571e+02 -5.63986e+02 0.00000e+00
-4.45217e+02 -5.65846e+02 0.00000e+00
-4.42856e+02 -5.67696e+02 0.00000e+00
-4.40487e+02 -5.69536e+02 0.00000e+00
-4.38110e+02 -5.71367e+02 0.00000e+00
-4.35725e+02 -5.73187e+02 0.00000e+00
-4.33333e+02 -5.74998e+02 0.00000e+00
-4.30934e+02 -5.76798e+02 0.00000e+00
-4.28527e+02 -5.78589e+02 0.00000e+00
-4.26112e+02 -5.80369e+02 0.00000e+00
-4.23691e+02 -5.82139e+02 0.00000e+00
-4.21261e+02 -5.83900e+02 0.00000e+00
-4.18825e+02 -5.85650e+02 0.00000e+00
-4.16381e+02 -5.87390e+02 0.00000e+00
-4.13930e+02 -5.89120e+02 0.00000e+00
-4.11472e+02 -5.90839e+02 0.00000e+00
-4.09007e+02 -5.92548e+02 0.00000e+00
-4.06534e+02 -5.94247e+02 0.00000e+00
-4.04055e+02 -5.95936e+02 0.00000e+00
-4.01568e+02 -5.97614e+02 0.00000e+00
-3.99075e+02 -5.99282e+02 0.00000e+00
-3.96574e+02 -6.00940e+02 0.00000e+00
-3.94067e+02 -6.02587e+02 0.00000e+00
-3.91553e+02 -6.04224e+02 0.00000e+00
-3.89032e+02 -6.05850e+02 0.00000e+00
-3.86504e+02 -6.07466e+02 0.00000e+00
-3.83970e+02 -6.09071e+02 0.00000e+00
-3.81429e+02 -6.10665e+02 0.00000e+00
-3.78881e+02 -6.12249e+02 0.00000e+00
-3.76327e+02 -6.13823e+02 0.00000e+00
-3.73766e+02 -6.15385e+02 0.00000e+00
-3.71199e+02 -6.16937e+02 0.00000e+00
-3.68625e+02 -6.18478e+02 0.00000e+00
-3.66045e+02 -6.20009e+02 0.00000e+00
-3.63458e+02 -6.21529e+02 0.00000e+00
-3.60866e+02 -6.23038e+02 0.00000e+00
-3.58267e+02 -6.24536e+02 0.00000e+00
-3.55661e+02 -6.26023e+02 0.00000e+00
-3.53050e+02 -6.27500e+02 0.00000e+00
-3.50432e+02 -6.28965e+02 0.00000e+00
-3.47809e+02 -6.30420e+02 0.00000e+00
-3.45179e+02 -6.31864e+02 0.00000e+00
-3.42543e+02 -6.33296e+02 0.00000e+00
-3.39902e+02 -6.34718e+02 0.00000e+00
-3.37254e+02 -6.36129e+02 0.00000e+00
-3.34601e+02 -6.37528e+02 0.00000e+00
-3.31941e+02 -6.38917e+02 0.00000e+00
-3.29277e+02 -6.40294e+02 0.00000e+00
-3.26606e+02 -6.41661e+02 0.00000e+00
-3.23929e+02 -6.43016e+02 0.00000e+00
-3.21248e+02 -6.44360e+02 0.00000e+00
-3.18560e+02 -6.45693e+02 0.00000e+00
-3.15867e+02 -6.47015e+02 0.00000e+00
-3.13168e+02 -6.48325e+02 0.00000e+00
-3.10464e+02 -6.49624e+02 0.00000e+00
-3.07755e+02 -6.50912e+02 0.00000e+00
-3.05040e+02 -6.52189e+02 0.00000e+00
-3.02320e+02 -6.53454e+02 0.00000e+00
-2.99595e+02 -6.54708e+02 0.00000e+00
-2.96864e+02 -6.55951e+02 0.00000e+00
-2.94129e+02 -6.57182e+02 0.00000e+00
-2.91388e+02 -6.58402e+02 0.00000e+00
-2.88642e+02 -6.59610e+02 0.00000e+00
-2.85891e+02 -6.60807e+02 0.00000e+00
-2.83136e+02 -6.61993e+02 0.00000e+00
-2.80375e+02 -6.63167e+02 0.00000e+00
-2.77609e+02 -6.64329e+02 0.00000e+00
-2.74839e+02 -6.65480e+02 0.00000e+00
-2.72064e+02 -6.66619e+02 0.00000e+00
-2.69284e+02 -6.67747e+02 0.00000e+00
-2.66499e+02 -6.68863e+02 0.00000e+00
-2.63710e+02 -6.69968e+02 0.00000e+00
-2.60917e+02 -6.71061e+02 0.00000e+00
-2.58118e+02 -6.72142e+02 0.00000e+00
-2.55316e+02 -6.73212e+02 0.00000e+00
-2.52508e+02 -6.74270e+02 0.00000e+00
-2.49697e+02 -6.75316e+02 0.00000e+00
-2.46881e+02 -6.76350e+02 0.00000e+00
-2.44061e+02 -6.77373e+02 0.00000e+00
-2.41236e+02 -6.78384e+02 0.00000e+00
-2.38408e+02 -6.79383e+02 0.00000e+00
-2.35575e+02 -6.80371e+02 0.00000e+00
-2.32738e+02 -6.81346e+02 0.00000e+00
-2.29897e+02 -6.82310e+02 0.00000e+00
-2.27052e+02 -6.83262e+02 0.00000e+00
-2.24203e+02 -6.84202e+02 0.00000e+00
-2.21351e+02 -6.85131e+02 0.00000e+00
-2.18494e+02 -6.86047e+02 0.00000e+00
-2.15634e+02 -6.86951e+02 0.00000e+00
-2.12770e+02 -6.87844e+02 0.00000e+00
-2.09902e+02 -6.88724e+02 0.00000e+00
-2.07030e+02 -6.89593e+02 0.00000e+00
-2.04155e+02 -6.90450e+02 0.00000e+00
-2.01277e+02 -6.91294e+02 0.00000e+00
-1.98395e+02 -6.92127e+02 0.00000e+00
-1.95509e+02 -6.92947e+02 0.00000e+00
-1.92620e+02 -6.93756e+02 0.00000e+00
-1.89728e+02 -6.94553e+02 0.00000e+00
-1.86833e+02 -6.95337e+02 0.00000e+00
-1.83934e+02 -6.96109e+02 0.00000e+00
-1.81032e+02 -6.96870e+02 0.00000e+00
-1.78127e+02 -6.97618e+02 0.00000e+00
-1.75219e+02 -6.98354e+02 0.00000e+00
-1.72307e+02 -6.99078e+02 0.00000e+00
-1.69393e+02 -6.99790e+02 0.00000e+00
-1.66476e+02 -7.00490e+02 0.00000e+00
-1.63556e+02 -7.01177e+02 0.00000e+00
-1.60633e+02 -7.01853e+02 0.00000e+00
-1.57707e+02 -7.02516e+02 0.00000e+00
-1.54779e+02 -7.03167e+02 0.00000e+00
-1.51848e+02 -7.03806e+02 0.00000e+00
-1.48914e+02 -7.04432e+02 0.00000e+00
-1.45977e+02 -7.05047e+02 0.00000e+00
-1.43039e+02 -7.05649e+02 0.00000e+00
-1.40097e+02 -7.06238e+02 0.00000e+00
-1.37153e+02 -7.06816e+02 0.00000e+00
-1.34207e+02 -7.07381e+02 0.00000e+00
-1.31259e+02 -7.07934e+02 0.00000e+00
-1.28308e+02 -7.08475e+02 0.00000e+00
-1.25355e+02 -7.09004e+02 0.00000e+00
-1.22400e+02 -7.09520e+02 0.00000e+00
-1.19442e+02 -7.10024e+02 0.00000e+00
-1.16483e+02 -7.10515e+02 0.00000e+00
-1.13522e+02 -7.10994e+02 0.00000e+00
-1.10558e+02 -7.11461e+02 0.00000e+00
-1.07593e+02 -7.11916e+02 0.00000e+00
-1.04626e+02 -7.12358e+02 0.00000e+00
-1.01657e+02 -7.12787e+02 0.00000e+00
-9.86860e+01 -7.13205e+02 0.00000e+00
-9.57136e+01 -7.13610e+02 0.00000e+00
-9.27394e+01 -7.14002e+02 0.00000e+00
-8.97637e+01 -7.14383e+02 0.00000e+00
-8.67864e+01 -7.14750e+02 0.00000e+00
-8.38076e+01 -7.15106e+02 0.00000e+00
-8.08274e+01 -7.15449e+02 0.00000e+00
-7.78457e+01 -7.15779e+02 0.00000e+00
-7.48627e+01 -7.16097e+02 0.00000e+00
-7.18784e+01 -7.16403e+02 0.00000e+00
-6.88928e+01 -7.16696e+02 0.00000e+00
-6.59061e+01 -7.16977e+02 0.00000e+00
-6.29182e+01 -7.17246e+02 0.00000e+00
-5.99292e+01 -7.17502e+02 0.00000e+00
-5.69391e+01 -7.17745e+02 0.00000e+00
-5.39481e+01 -7.17976e+02 0.00000e+00
-5.09562e+01 -7.18195e+02 0.00000e+00
-4.79633e+01 -7.18401e+02 0.00000e+00
-4.49697e+01 -7.18594e+02 0.00000e+00
-4.19752e+01 -7.18775e+02 0.00000e+00
-3.89800e+01 -7.18944e+02 0.00000e+00
-3.59842e+01 -7.19100e+02 0.00000e+00
-3.29877e+01 -7.19244e+02 0.00000e+00
-2.99906e+01 -7.19375e+02 0.00000e+00
-2.69930e+01 -7.19494e+02 0.00000e+00
-2.39950e+01 -7.19600e+02 0.00000e+00
-2.09965e+01 -7.19694e+02 0.00000e+00
-1.79977e+01 -7.19775e+02 0.00000e+00
-1.49986e+01 -7.19844e+02 0.00000e+00
-1.19992e+01 -7.19900e+02 0.00000e+00
-8.99955e+00 -7.19944e+02 0.00000e+00
-5.99979e+00 -7.19975e+02 0.00000e+00
-2.99992e+00 -7.19994e+02 0.00000e+00
0.00000e+00 -7.20000e+02 0.00000e+00
2.99992e+00 -7.19994e+02 0.00000e+00
5.99979e+00 -7.19975e+02 0.00000e+00
8.99955e+00 -7.19944e+02 0.00000e+00
1.19992e+01 -7.19900e+02 0.00000e+00
1.49986e+01 -7.19844e+02 0.00000e+00
1.79977e+01 -7.19775e+02 0.00000e+00
2.09965e+01 -7.19694e+02 0.00000e+00
2.39950e+01 -7.19600e+02 0.00000e+00
2.69930e+01 -7.19494e+02 0.00000e+00
2.99906e+01 -7.19375e+02 0.00000e+00
3.29877e+01 -7.19244e+02 0.00000e+00
3.59842e+01 -7.19100e+02 0.00000e+00
3.89800e+01 -7.18944e+02 0.00000e+00
4.19752e+01 -7.18775e+02 0.00000e+00
4.49697e+01 -7.18594e+02 0.00000e+00
4.79633e+01 -7.18401e+02 0.00000e+00
5.09562e+01 -7.18195e+02 0.00000e+00
5.39481e+01 -7.17976e+02 0.00000e+00
5.69391e+01 -7.17745e+02 0.00000e+00
5.99292e+01 -7.17502e+02 0.00000e+00
6.29182e+01 -7.17246e+02 0.00000e+00
6.59061e+01 -7.16977e+02 0.00000e+00
6.88928e+01 -7.16696e+02 0.00000e+00
7.18784e+01 -7.16403e+02 0.00000e+00
7.48627e+01 -7.16097e+02 0.00000e+00
7.78457e+01 -7.15779e+02 0.00000e+00
8.08274e+01 -7.15449e+02 0.00000e+00
8.38076e+01 -7.15106e+02 0.00000e+00
8.67864e+01 -7.14750e+02 0.00000e+00
8.97637e+01 -7.14383e+02 0.00000e+00
9.27394e+01 -7.14002e+02 0.00000e+00
9.57136e+01 -7.13610e+02 0.00000e+00
9.86860e+01 -7.13205e+02 0.00000e+00
1.01657e+02 -7.12787e+02 0.00000e+00
1.04626e+02 -7.12358e+02 0.00000e+00
1.07593e+02 -7.11916e+02 0.00000e+00
1.10558e+02 -7.11461e+02 0.00000e+00
1.13522e+02 -7.10994e+02 0.00000e+00
1.16483e+02 -7.10515e+02 0.00000e+00
1.19442e+02 -7.10024e+02 0.00000e+00
1.22400e+02 -7.09520e+02 0.00000e+00
1.25355e+02 -7.09004e+02 0.00000e+00
1.28308e+02 -7.08475e+02 0.00000e+00
1.31259e+02 -7.07934e+02 0.00000e+00
1.34207e+02 -7.07381e+02 0.00000e+00
1.37153e+02 -7.06816e+02 0.00000e+00
1.40097e+02 -7.06238e+02 0.00000e+00
1.43039e+02 -7.05649e+02 0.00000e+00
1.45977e+02 -7.05047e+02 0.00000e+00
1.48914e+02 -7.04432e+02 0.00000e+00
1.51848e+02 -7.03806e+02 0.00000e+00
1.54779e+02 -7.03167e+02 0.00000e+00
1.57707e+02 -7.02516e+02 0.00000e+00
1.60633e+02 -7.01853e+02 0.00000e+00
1.63556e+02 -7.01177e+02 0.00000e+00
1.66476e+02 -7.00490e+02 0.00000e+00
1.69393e+02 -6.99790e+02 0.00000e+00
1.72307e+02 -6.99078e+02 0.00000e+00
1.75219e+02 -6.98354e+02 0.00000e+00
1.78127e+02 -6.97618e+02 0.00000e+00
1.81032e+02 -6.96870e+02 0.00000e+00
1.83934e+02 -6.96109e+02 0.00000e+00
1.86833e+02 -6.95337e+02 0.00000e+00
1.89728e+02 -6.94553e+02 0.00000e+00
1.92620e+02 -6.93756e+02 0.00000e+00
1.95509e+02 -6.92947e+02 0.00000e+00
1.98395e+02 -6.92127e+02 0.00000e+00
2.01277e+02 -6.91294e+02 0.00000e+00
2.04155e+02 -6.90450e+02 0.00000e+00
2.07030e+02 -6.89593e+02 0.00000e+00
2.09902e+02 -6.88724e+02 0.00000e+00
2.12770e+02 -6.87844e+02 0.00000e+00
2.15634e+02 -6.86951e+02 0.00000e+00
2.18494e+02 -6.86047e+02 0.00000e+00
2.21351e+02 -6.85131e+02 0.00000e+00
2.24203e+02 -6.84202e+02 0.00000e+00
2.27052e+02 -6.83262e+02 0.00000e+00
2.29897e+02 -6.82310e+02 0.00000e+00
2.32738e+02 -6.81346e+02 0.00000e+00
2.35575e+02 -6.80371e+02 0.00000e+00
2.38408e+02 -6.79383e+02 0.00000e+00
2.41236e+02 -6.78384e+02 0.00000e+00
2.44061e+02 -6.77373e+02 0.00000e+00
2.46881e+02 -6.76350e+02 0.00000e+00
2.49697e+02 -6.75316e+02 0.00000e+00
2.52508e+02 -6.74270e+02 0.00000e+00
2.55316e+02 -6.73212e+02 0.00000e+00
2.58118e+02 -6.72142e+02 0.00000e+00
2.60917e+02 -6.71061e+02 0.00000e+00
2.63710e+02 -6.69968e+02 0.00000e+00
2.66499e+02 -6.68863e+02 0.00000e+00
2.69284e+02 -6.67747e+02 0.00000e+00
2.72064e+02 -6.66619e+02 0.00000e+00
2.74839e+02 -6.65480e+02 0.00000e+00
2.77609e+02 -6.64329e+02 0.00000e+00
2.80375e+02 -6.63167e+02 0.00000e+00
2.83136e+02 -6.61993e+02 0.00000e+00
2.85891e+02 -6.60807e+02 0.00000e+00
2.88642e+02 -6.59610e+02 0.00000e+00
2.91388e+02 -6.58402e+02 0.00000e+00
2.94129e+02 -6.57182e+02 0.00000e+00
2.96864e+02 -6.55951e+02 0.00000e+00
2.99595e+02 -6.54708e+02 0.00000e+00
3.02320e+02 -6.53454e+02 0.00000e+00
3.05040e+02 -6.52189e+02 0.00000e+00
3.07755e+02 -6.50912e+02 0.00000e+00
3.10464e+02 -6.49624e+02 0.00000e+00
3.13168e+02 -6.48325e+02 0.00000e+00
3.15867e+02 -6.47015e+02 0.00000e+00
3.18560e+02 -6.45693e+02 0.00000e+00
3.21248e+02 -6.44360e+02 0.00000e+00
3.23929e+02 -6.43016e+02 0.00000e+00
3.26606e+02 -6.41661e+02 0.00000e+00
3.29277e+02 -6.40294e+02 0.00000e+00
3.31941e+02 -6.38917e+02 0.00000e+00
3.34601e+02 -6.37528e+02 0.00000e+00
3.37254e+02 -6.36129e+02 0.00000e+00
3.39902e+02 -6.34718e+02 0.00000e+00
3.42543e+02 -6.33296e+02 0.00000e+00
3.45179e+02 -6.31864e+02 0.00000e+00
3.47809e+02 -6.30420e+02 0.00000e+00
3.50432e+02 -6.28965e+02 0.00000e+00
3.53050e+02 -6.27500e+02 0.00000e+00
3.55661e+02 -6.26023e+02 0.00000e+00
3.58267e+02 -6.24536e+02 0.00000e+00
3.60866e+02 -6.23038e+02 0.00000e+00
3.63458e+02 -6.21529e+02 0.00000e+00
3.66045e+02 -6.20009e+02 0.00000e+00
3.68625e+02 -6.18478e+02 0.00000e+00
3.71199e+02 -6.16937e+02 0.00000e+00
3.73766e+02 -6.15385e+02 0.00000e+00
3.76327e+02 -6.13823e+02 0.00000e+00
3.78881e+02 -6.12249e+02 0.00000e+00
3.81429e+02 -6.10665e+02 0.00000e+00
3.83970e+02 -6.09071e+02 0.00000e+00
3.86504e+02 -6.07466e+02 0.00000e+00
3.89032e+02 -6.05850e+02 0.00000e+00
3.91553e+02 -6.04224e+02 0.00000e+00
3.94067e+02 -6.02587e+02 0.00000e+00
3.96574e+02 -6.00940e+02 0.00000e+00
3.99075e+02 -5.99282e+02 0.00000e+00
4.01568e+02 -5.97614e+02 0.00000e+00
4.04055e+02 -5.95936e+02 0.00000e+00
4.06534e+02 -5.94247e+02 0.00000e+00
4.09007e+02 -5.92548e+02 0.00000e+00
4.11472e+02 -5.90839e+02 0.00000e+00
4.13930e+02 -5.89120e+02 0.00000e+00
4.16381e+02 -5.87390e+02 0.00000e+00
4.18825e+02 -5.85650e+02 0.00000e+00
4.21261e+02 -5.83900e+02 0.00000e+00
4.23691e+02 -5.82139e+02 0.00000e+00
4.26112e+02 -5.80369e+02 0.00000e+00
4.28527e+02 -5.78589e+02 0.00000e+00
4.30934e+02 -5.76798e+02 0.00000e+00
4.33333e+02 -5.74998e+02 0.00000e+00
4.35725e+02 -5.73187e+02 0.00000e+00
4.38110e+02 -5.71367e+02 0.00000e+00
4.40487e+02 -5.69536e+02 0.00000e+00
4.42856e+02 -5.67696e+02 0.00000e+00
4.45217e+02 -5.65846e+02 0.00000e+00
4.47571e+02 -5.63986e+02 0.00000e+00
4.49917e+02 -5.62116e+02 0.00000e+00
4.52255e+02 -5.60237e+02 0.00000e+00
4.54586e+02 -5.58347e+02 0.00000e+00
4.56908e+02 -5.56449e+02 0.00000e+00
4.59223e+02 -5.54540e+02 0.00000e+00
4.61529e+02 -5.52622e+02 0.00000e+00
4.63828e+02 -5.50694e+02 0.00000e+00
4.66118e+02 -5.48757e+02 0.00000e+00
4.68401e+02 -5.46810e+02 0.00000e+00
4.70675e+02 -5.44853e+02 0.00000e+00
4.72941e+02 -5.42888e+02 0.00000e+00
4.75199e+02 -5.40912e+02 0.00000e+00
4.77448e+02 -5.38928e+02 0.00000e+00
4.79690e+02 -5.36934e+02 0.00000e+00
4.81923e+02 -5.34930e+02 0.00000e+00
4.84147e+02 -5.32918e+02 0.00000e+00
4.86364e+02 -5.30896e+02 0.00000e+00
4.88571e+02 -5.28865e+02 0.00000e+00
4.90771e+02 -5.26825e+02 0.00000e+00
4.92961e+02 -5.24775e+02 0.00000e+00
4.95144e+02 -5.22717e+02 0.00000e+00
4.97317e+02 -5.20649e+02 0.00000e+00
4.99482e+02 -5.18573e+02 0.00000e+00
5.01639e+02 -5.16487e+02 0.00000e+00
5.03786e+02 -5.14392e+02 0.00000e+00
5.05925e+02 -5.12289e+02 0.00000e+00
5.08055e+02 -5.10176e+02 0.00000e+00
5.10176e+02 -5.08055e+02 0.00000e+00
5.12289e+02 -5.05925e+02 0.00000e+00
5.14392e+02 -5.03786e+02 0.00000e+00
5.16487e+02 -5.01639e+02 0.00000e+00
5.18573e+02 -4.99482e+02 0.00000e+00
5.20649e+02 -4.97317e+02 0.00000e+00
5.22717e+02 -4.95144e+02 0.00000e+00
5.24775e+02 -4.92961e+02 0.00000e+00
5.26825e+02 -4.90771e+02 0.00000e+00
5.28865e+02 -4.88571e+02 0.00000e+00
5.30896e+02 -4.86364e+02 0.00000e+00
5.32918e+02 -4.84147e+02 0.00000e+00
5.34930e+02 -4.81923e+02 0.00000e+00
5.36934e+02 -4.79690e+02 0.00000e+00
5.38928e+02 -4.77448e+02 0.00000e+00
5.40912e+02 -4.75199e+02 0.00000e+00
5.42888e+02 -4.72941e+02 0.00000e+00
5.44853e+02 -4.70675e+02 0.00000e+00
5.46810e+02 -4.68401e+02 0.00000e+00
5.48757e+02 -4.66118e+02 0.00000e+00
5.50694e+02 -4.63828e+02 0.00000e+00
5.52622e+02 -4.61529e+02 0.00000e+00
5.54540e+02 -4.59223e+02 0.00000e+00
5.56449e+02 -4.56908e+02 0.00000e+00
5.58347e+02 -4.54586e+02 0.00000e+00
5.60237e+02 -4.52255e+02 0.00000e+00
5.62116e+02 -4.49917e+02 0.00000e+00
5.63986e+02 -4.47571e+02 0.00000e+00
5.65846e+02 -4.45217e+02 0.00000e+00
5.67696e+02 -4.42856e+02 0.00000e+00
5.69536e+02 -4.40487e+02 0.00000e+00
5.71367e+02 -4.38110e+02 0.00000e+00
5.73187e+02 -4.35725e+02 0.00000e+00
5.74998e+02 -4.33333e+02 0.00000e+00
5.76798e+02 -4.30934e+02 0.00000e+00
5.78589e+02 -4.28527e+02 0.00000e+00
5.80369e+02 -4.26112e+02 0.00000e+00
5.82139e+02 -4.23691e+02 0.00000e+00
5.83900e+02 -4.21261e+02 0.00000e+00
5.85650e+02 -4.18825e+02 0.00000e+00
5.87390e+02 -4.16381e+02 0.00000e+00
5.89120e+02 -4.13930e+02 0.00000e+00
5.90839e+02 -4.11472e+02 0.00000e+00
5.92548e+02 -4.09007e+02 0.00000e+00
5.94247e+02 -4.06534e+02 0.00000e+00
5.95936e+02 -4.04055e+02 0.00000e+00
5.97614e+02 -4.01568e+02 0.00000e+00
5.99282e+02 -3.99075e+02 0.00000e+00
6.00940e+02 -3.96574e+02 0.00000e+00
6.02587e+02 -3.94067e+02 0.00000e+00
6.04224e+02 -3.91553e+02 0.00000e+00
6.05850e+02 -3.89032e+02 0.00000e+00
6.07466e+02 -3.86504e+02 0.00000e+00
6.09071e+02 -3.83970e+02 0.00000e+00
6.10665e+02 -3.81429e+02 0.00000e+00
6.12249e+02 -3.78881e+02 0.00000e+00
6.13823e+02 -3.76327e+02 0.00000e+00
6.15385e+02 -3.73766e+02 0.00000e+00
6.16937e+02 -3.71199e+02 0.00000e+00
6.18478e+02 -3.68625e+02 0.00000e+00
6.20009e+02 -3.66045e+02 0.00000e+00
6.21529e+02 -3.63458e+02 0.00000e+00
6.23038e+02 -3.60866e+02 0.00000e+00
6.24536e+02 -3.58267e+02 0.00000e+00
6.26023e+02 -3.55661e+02 0.00000e+00
6.27500e+02 -3.53050e+02 0.00000e+00
6.28965e+02 -3.50432e+02 0.00000e+00
6.30420e+02 -3.47809e+02 0.00000e+00
6.31864e+02 -3.45179e+02 0.00000e+00
6.33296e+02 -3.42543e+02 0.00000e+00
6.34718e+02 -3.39902e+02 0.00000e+00
6.36129e+02 -3.37254e+02 0.00000e+00
6.37528e+02 -3.34601e+02 0.00000e+00
6.38917e+02 -3.31941e+02 0.00000e+00
6.40294e+02 -3.29277e+02 0.00000e+00
6.41661e+02 -3.26606e+02 0.00000e+00
6.43016e+02 -3.23929e+02 0.00000e+00
6.44360e+02 -3.21248e+02 0.00000e+00
6.45693e+02 -3.18560e+02 0.00000e+00
6.47015e+02 -3.15867e+02 0.00000e+00
6.48325e+02 -3.13168e+02 0.00000e+00
6.49624e+02 -3.10464e+02 0.00000e+00
6.50912e+02 -3.07755e+02 0.00000e+00
6.52189e+02 -3.05040e+02 0.00000e+00
6.53454e+02 -3.02320e+02 0.00000e+00
6.54708e+02 -2.99595e+02 0.00000e+00
6.55951e+02 -2.96864e+02 0.00000e+00
6.57182e+02 -2.94129e+02 0.00000e+00
6.58402e+02 -2.91388e+02 0.00000e+00
6.59610e+02 -2.88642e+02 0.00000e+00
6.60807e+02 -2.85891e+02 0.00000e+00
6.61993e+02 -2.83136e+02 0.00000e+00
6.63167e+02 -2.80375e+02 0.00000e+00
6.64329e+02 -2.77609e+02 0.00000e+00
6.65480e+02 -2.74839e+02 0.00000e+00
6.66619e+02 -2.72064e+02 0.00000e+00
6.67747e+02 -2.69284e+02 0.00000e+00
6.68863e+02 -2.66499e+02 0.00000e+00
6.69968e+02 -2.63710e+02 0.00000e+00
6.71061e+02 -2.60917e+02 0.00000e+00
6.72142e+02 -2.58118e+02 0.00000e+00
6.73212e+02 -2.55316e+02 0.00000e+00
6.74270e+02 -2.52508e+02 0.00000e+00
6.75316e+02 -2.49697e+02 0.00000e+00
6.76350e+02 -2.46881e+02 0.00000e+00
6.77373e+02 -2.44061e+02 0.00000e+00
6.78384e+02 -2.41236e+02 0.00000e+00
6.79383e+02 -2.38408e+02 0.00000e+00
6.80371e+02 -2.35575e+02 0.00000e+00
6.81346e+02 -2.32738e+02 0.00000e+00
6.82310e+02 -2.29897e+02 0.00000e+00
6.83262e+02 -2.27052e+02 0.00000e+00
6.84202e+02 -2.24203e+02 0.00000e+00
6.85131e+02 -2.21351e+02 0.00000e+00
6.86047e+02 -2.18494e+02 0.00000e+00
6.86951e+02 -2.15634e+02 0.00000e+00
6.87844e+02 -2.12770e+02 0.00000e+00
6.88724e+02 -2.09902e+02 0.00000e+00
6.89593e+02 -2.07030e+02 0.00000e+00
6.90450e+02 -2.04155e+02 0.00000e+00
6.91294e+02 -2.01277e+02 0.00000e+00
6.92127e+02 -1.98395e+02 0.00000e+00
6.92947e+02 -1.95509e+02 0.00000e+00
6.93756e+02 -1.92620e+02 0.00000e+00
6.94553e+02 -1.89728e+02 0.00000e+00
6.95337e+02 -1.86833e+02 0.00000e+00
6.96109e+02 -1.83934e+02 0.00000e+00
6.96870e+02 -1.81032e+02 0.00000e+00
6.97618e+02 -1.78127e+02 0.00000e+00
6.98354e+02 -1.75219e+02 0.00000e+00
6.99078e+02 -1.72307e+02 0.00000e+00
6.99790e+02 -1.69393e+02 0.00000e+00
7.00490e+02 -1.66476e+02 0.00000e+00
7.01177e+02 -1.63556e+02 0.00000e+00
7.01853e+02 -1.60633e+02 0.00000e+00
7.02516e+02 -1.57707e+02 0.00000e+00
7.03167e+02 -1.54779e+02 0.00000e+00
7.03806e+02 -1.51848e+02 0.00000e+00
7.04432e+02 -1.48914e+02 0.00000e+00
7.05047e+02 -1.45977e+02 0.00000e+00
7.05649e+02 -1.43039e+02 0.00000e+00
7.06238e+02 -1.40097e+02 0.00000e+00
7.06816e+02 -1.37153e+02 0.00000e+00
7.07381e+02 -1.34207e+02 0.00000e+00
7.07934e+02 -1.31259e+02 0.00000e+00
7.08475e+02 -1.28308e+02 0.00000e+00
7.09004e+02 -1.25355e+02 0.00000e+00
7.09520e+02 -1.22400e+02 0.00000e+00
7.10024e+02 -1.19442e+02 0.00000e+00
7.10515e+02 -1.16483e+02 0.00000e+00
7.10994e+02 -1.13522e+02 0.00000e+00
7.11461e+02 -1.10558e+02 0.00000e+00
7.11916e+02 -1.07593e+02 0.00000e+00
7.12358e+02 -1.04626e+02 0.00000e+00
7.12787e+02 -1.01657e+02 0.00000e+00
7.13205e+02 -9.86860e+01 0.00000e+00
7.13610e+02 -9.57136e+01 0.00000e+00
7.14002e+02 -9.27394e+01 0.00000e+00
7.14383e+02 -8.97637e+01 0.00000e+00
7.14750e+02 -8.67864e+01 0.00000e+00
7.15106e+02 -8.38076e+01 0.00000e+00
7.15449e+02 -8.08274e+01 0.00000e+00
7.15779e+02 -7.78457e+01 0.00000e+00
7.16097e+02 -7.48627e+01 0.00000e+00
7.16403e+02 -7.18784e+01 0.00000e+00
7.16696e+02 -6.88928e+01 0.00000e+00
7.16977e+02 -6.59061e+01 0.00000e+00
7.17246e+02 -6.29182e+01 0.00000e+00
7.17502e+02 -5.99292e+01 0.00000e+00
7.17745e+02 -5.69391e+01 0.00000e+00
7.17976e+02 -5.39481e+01 0.00000e+00
7.18195e+02 -5.09562e+01 0.00000e+00
7.18401e+02 -4.79633e+01 0.00000e+00
7.18594e+02 -4.49697e+01 0.00000e+00
7.18775e+02 -4.19752e+01 0.00000e+00
7.18944e+02 -3.89800e+01 0.00000e+00
7.19100e+02 -3.59842e+01 0.00000e+00
7.19244e+02 -3.29877e+01 0.00000e+00
7.19375e+02 -2.99906e+01 0.00000e+00
7.19494e+02 -2.69930e+01 0.00000e+00
7.19600e+02 -2.39950e+01 0.00000e+00
7.19694e+02 -2.09965e+01 0.00000e+00
7.19775e+02 -1.79977e+01 0.00000e+00
7.19844e+02 -1.49986e+01 0.00000e+00
7.19900e+02 -1.19992e+01 0.00000e+00
7.19944e+02 -8.99955e+00 0.00000e+00
7.19975e+02 -5.99979e+00 0.00000e+00
7.19994e+02 -2.99992e+00 0.00000e+00
