-5.00000e+02 0.00000e+00 0.00000e+00
-4.99695e+02 -1.74497e+01 0.00000e+00
-4.98782e+02 -3.48782e+01 0.00000e+00
-4.97261e+02 -5.22642e+01 0.00000e+00
-4.95134e+02 -6.95866e+01 0.00000e+00
-4.92404e+02 -8.68241e+01 0.00000e+00
-4.89074e+02 -1.03956e+02 0.00000e+00
-4.85148e+02 -1.20961e+02 0.00000e+00
-4.80631e+02 -1.37819e+02 0.00000e+00
-4.75528e+02 -1.54508e+02 0.00000e+00
-4.69846e+02 -1.71010e+02 0.00000e+00
-4.63592e+02 -1.87303e+02 0.00000e+00
-4.56773e+02 -2.03368e+02 0.00000e+00
-4.49397e+02 -2.19186e+02 0.00000e+00
-4.41474e+02 -2.34736e+02 0.00000e+00
-4.33013e+02 -2.50000e+02 0.00000e+00
-4.24024e+02 -2.64960e+02 0.00000e+00
-4.14519e+02 -2.79596e+02 0.00000e+00
-4.04508e+02 -2.93893e+02 0.00000e+00
-3.94005e+02 -3.07831e+02 0.00000e+00
-3.83022e+02 -3.21394e+02 0.00000e+00
-3.71572e+02 -3.34565e+02 0.00000e+00
-3.59670e+02 -3.47329e+02 0.00000e+00
-3.47329e+02 -3.59670e+02 0.00000e+00
-3.34565e+02 -3.71572e+02 0.00000e+00
-3.21394e+02 -3.83022e+02 0.00000e+00
-3.07831e+02 -3.94005e+02 0.00000e+00
-2.93893e+02 -4.04508e+02 0.00000e+00
-2.79596e+02 -4.14519e+02 0.00000e+00
-2.64960e+02 -4.24024e+02 0.00000e+00
-2.50000e+02 -4.33013e+02 0.00000e+00
-2.34736e+02 -4.41474e+02 0.00000e+00
-2.19186e+02 -4.49397e+02 0.00000e+00
-2.03368e+02 -4.56773e+02 0.00000e+00
-1.87303e+02 -4.63592e+02 0.00000e+00
-1.71010e+02 -4.69846e+02 0.00000e+00
-1.54508e+02 -4.75528e+02 0.00000e+00
-1.37819e+02 -4.80631e+02 0.00000e+00
-1.20961e+02 -4.85148e+02 0.00000e+00
-1.03956e+02 -4.89074e+02 0.00000e+00
-8.68241e+01 -4.92404e+02 0.00000e+00
-6.95866e+01 -4.95134e+02 0.00000e+00
-5.22642e+01 -4.97261e+02 0.00000e+00
-3.48782e+01 -4.98782e+02 0.00000e+00
-1.74497e+01 -4.99695e+02 0.00000e+00
0.00000e+00 -5.00000e+02 0.00000e+00
1.74497e+01 -4.99695e+02 0.00000e+00
3.48782e+01 -4.98782e+02 0.00000e+00
5.22642e+01 -4.97261e+02 0.00000e+00
6.95866e+01 -4.95134e+02 0.00000e+00
8.68241e+01 -4.92404e+02 0.00000e+00
1.03956e+02 -4.89074e+02 0.00000e+00
1.20961e+02 -4.85148e+02 0.00000e+00
1.37819e+02 -4.80631e+02 0.00000e+00
1.54508e+02 -4.75528e+02 0.00000e+00
1.71010e+02 -4.69846e+02 0.00000e+00
1.87303e+02 -4.63592e+02 0.00000e+00
2.03368e+02 -4.56773e+02 0.00000e+00
2.19186e+02 -4.49397e+02 0.00000e+00
2.34736e+02 -4.41474e+02 0.00000e+00
2.50000e+02 -4.33013e+02 0.00000e+00
2.64960e+02 -4.24024e+02 0.00000e+00
2.79596e+02 -4.14519e+02 0.00000e+00
2.93893e+02 -4.04508e+02 0.00000e+00
3.07831e+02 -3.94005e+02 0.00000e+00
3.21394e+02 -3.83022e+02 0.00000e+00
3.34565e+02 -3.71572e+02 0.00000e+00
3.47329e+02 -3.59670e+02 0.00000e+00
3.59670e+02 -3.47329e+02 0.00000e+00
3.71572e+02 -3.34565e+02 0.00000e+00
3.83022e+02 -3.21394e+02 0.00000e+00
3.94005e+02 -3.07831e+02 0.00000e+00
4.04508e+02 -2.93893e+02 0.00000e+00
4.14519e+02 -2.79596e+02 0.00000e+00
4.24024e+02 -2.64960e+02 0.00000e+00
4.33013e+02 -2.50000e+02 0.00000e+00
4.41474e+02 -2.34736e+02 0.00000e+00
4.49397e+02 -2.19186e+02 0.00000e+00
4.56773e+02 -2.03368e+02 0.00000e+00
4.63592e+02 -1.87303e+02 0.00000e+00
4.69846e+02 -1.71010e+02 0.00000e+00
4.75528e+02 -1.54508e+02 0.00000e+00
4.80631e+02 -1.37819e+02 0.00000e+00
4.85148e+02 -1.20961e+02 0.00000e+00
4.89074e+02 -1.03956e+02 0.00000e+00
4.92404e+02 -8.68241e+01 0.00000e+00
4.95134e+02 -6.95866e+01 0.00000e+00
4.97261e+02 -5.22642e+01 0.00000e+00
4.98782e+02 -3.48782e+01 0.00000e+00
4.99695e+02 -1.74497e+01 0.00000e+00
5.00000e+02 0.00000e+00 0.00000e+00
4.99695e+02 1.74497e+01 0.00000e+00
4.98782e+02 3.48782e+01 0.00000e+00
4.97261e+02 5.22642e+01 0.00000e+00
4.95134e+02 6.95866e+01 0.00000e+00
4.92404e+02 8.68241e+01 0.00000e+00
4.89074e+02 1.03956e+02 0.00000e+00
4.85148e+02 1.20961e+02 0.00000e+00
4.80631e+02 1.37819e+02 0.00000e+00
4.75528e+02 1.54508e+02 0.00000e+00
4.69846e+02 1.71010e+02 0.00000e+00
4.63592e+02 1.87303e+02 0.00000e+00
4.56773e+02 2.03368e+02 0.00000e+00
4.49397e+02 2.19186e+02 0.00000e+00
4.41474e+02 2.34736e+02 0.00000e+00
4.33013e+02 2.50000e+02 0.00000e+00
4.24024e+02 2.64960e+02 0.00000e+00
4.14519e+02 2.79596e+02 0.00000e+00
4.04508e+02 2.93893e+02 0.00000e+00
3.94005e+02 3.07831e+02 0.00000e+00
3.83022e+02 3.21394e+02 0.00000e+00
3.71572e+02 3.34565e+02 0.00000e+00
3.59670e+02 3.47329e+02 0.00000e+00
3.47329e+02 3.59670e+02 0.00000e+00
3.34565e+02 3.71572e+02 0.00000e+00
3.21394e+02 3.83022e+02 0.00000e+00
3.07831e+02 3.94005e+02 0.00000e+00
2.93893e+02 4.04508e+02 0.00000e+00
2.79596e+02 4.14519e+02 0.00000e+00
2.64960e+02 4.24024e+02 0.00000e+00
2.50000e+02 4.33013e+02 0.00000e+00
2.34736e+02 4.41474e+02 0.00000e+00
2.19186e+02 4.49397e+02 0.00000e+00
2.03368e+02 4.56773e+02 0.00000e+00
1.87303e+02 4.63592e+02 0.00000e+00
1.71010e+02 4.69846e+02 0.00000e+00
1.54508e+02 4.75528e+02 0.00000e+00
1.37819e+02 4.80631e+02 0.00000e+00
1.20961e+02 4.85148e+02 0.00000e+00
1.03956e+02 4.89074e+02 0.00000e+00
8.68241e+01 4.92404e+02 0.00000e+00
6.95866e+01 4.95134e+02 0.00000e+00
5.22642e+01 4.97261e+02 0.00000e+00
3.48782e+01 4.98782e+02 0.00000e+00
1.74497e+01 4.99695e+02 0.00000e+00
0.00000e+00 5.00000e+02 0.00000e+00
-1.74497e+01 4.99695e+02 0.00000e+00
-3.48782e+01 4.98782e+02 0.00000e+00
-5.22642e+01 4.97261e+02 0.00000e+00
-6.95866e+01 4.95134e+02 0.00000e+00
-8.68241e+01 4.92404e+02 0.00000e+00
-1.03956e+02 4.89074e+02 0.00000e+00
-1.20961e+02 4.85148e+02 0.00000e+00
-1.37819e+02 4.80631e+02 0.00000e+00
-1.54508e+02 4.75528e+02 0.00000e+00
-1.71010e+02 4.69846e+02 0.00000e+00
-1.87303e+02 4.63592e+02 0.00000e+00
-2.03368e+02 4.56773e+02 0.00000e+00
-2.19186e+02 4.49397e+02 0.00000e+00
-2.34736e+02 4.41474e+02 0.00000e+00
-2.50000e+02 4.33013e+02 0.00000e+00
-2.64960e+02 4.24024e+02 0.00000e+00
-2.79596e+02 4.14519e+02 0.00000e+00
-2.93893e+02 4.04508e+02 0.00000e+00
-3.07831e+02 3.94005e+02 0.00000e+00
-3.21394e+02 3.83022e+02 0.00000e+00
-3.34565e+02 3.71572e+02 0.00000e+00
-3.47329e+02 3.59670e+02 0.00000e+00
-3.59670e+02 3.47329e+02 0.00000e+00
-3.71572e+02 3.34565e+02 0.00000e+00
-3.83022e+02 3.21394e+02 0.00000e+00
-3.94005e+02 3.07831e+02 0.00000e+00
-4.04508e+02 2.93893e+02 0.00000e+00
-4.14519e+02 2.79596e+02 0.00000e+00
-4.24024e+02 2.64960e+02 0.00000e+00
-4.33013e+02 2.50000e+02 0.00000e+00
-4.41474e+02 2.34736e+02 0.00000e+00
-4.49397e+02 2.19186e+02 0.00000e+00
-4.56773e+02 2.03368e+02 0.00000e+00
-4.63592e+02 1.87303e+02 0.00000e+00
-4.69846e+02 1.71010e+02 0.00000e+00
-4.75528e+02 1.54508e+02 0.00000e+00
-4.80631e+02 1.37819e+02 0.00000e+00
-4.85148e+02 1.20961e+02 0.00000e+00
-4.89074e+02 1.03956e+02 0.00000e+00
-4.92404e+02 8.68241e+01 0.00000e+00
-4.95134e+02 6.95866e+01 0.00000e+00
-4.97261e+02 5.22642e+01 0.00000e+00
-4.98782e+02 3.48782e+01 0.00000e+00
-4.99695e+02 1.74497e+01 0.00000e+00
