1 -1000 30
1 -1001 30
1 -1002 30
1 -1003 30
1 -1004 30
1 -1005 30
1 -1006 30
1 -1007 30
1 -1008 30
1 -1009 30
1 -1010 30
1 -1011 30
1 -1228 0
1 -1229 2
1 -1301 2
1 -1302 2
1 -1303 2
1 -1304 2
1 -1305 2
1 -1306 2
1 -1307 2
1 -1308 2
1 -1309 2
1 -1310 2
1 -1311 2
1 -1312 2
1 -1313 2
1 -1314 2
1 -1315 2
1 -1316 2
1 -1317 2
1 -1318 2
1 -1319 2
1 -1320 2
1 -1321 2
1 -1322 2
1 -1323 2
1 -1324 2
1 -1325 2
1 -1326 2
1 -1327 2
1 -1328 2
1 -1329 2
1 -1330 2
1 -1331 2
1 -1332 2
1 -1333 2
1 -1334 2
1 -1335 2
1 -1336 2
1 -1337 2
1 -1338 2
1 -1339 2
1 -1340 2
1 -1382 2
1 -1383 2
1 -1384 2
1 -1385 2
1 -1386 2
1 -1387 2
1 -1388 2
1 -1389 2
1 -1390 2
1 -1391 2
1 -670 30
1 -671 30
1 -672 30
1 -673 30
1 -674 30
1 -675 30
1 -676 30
1 -677 30
1 -678 30
1 -679 30
1 -680 30
1 -681 30
1 -682 30
1 -683 30
1 -684 30
1 -685 30
1 -686 30
1 -687 30
1 -688 30
1 -689 30
1 -690 30
1 -691 30
1 -692 30
1 -693 30
1 -694 30
1 -695 30
1 -698 30
1 -699 30
1 -701 30
1 -702 30
1 -703 30
1 -704 30
1 -705 30
1 -706 30
1 -707 30
1 -708 30
1 -709 30
1 -710 30
1 -711 30
1 -712 30
1 -713 30
1 -714 30
1 -715 30
1 -716 30
1 -717 30
1 -718 30
1 -720 30
1 -721 30
1 -722 30
1 -723 30
1 -724 30
1 -725 30
1 -726 30
1 -727 30
1 -728 30
1 -729 30
1 -730 30
1 -731 30
1 -732 30
1 -733 30
1 -734 30
1 -735 30
1 -736 30
1 -737 30
1 -738 30
1 -739 30
1 -740 30
1 -741 30
1 -742 30
1 -743 30
1 -744 30
1 -745 30
1 -746 30
1 -747 30
1 -748 30
1 -749 30
1 -750 30
1 -751 30
1 -752 30
1 -753 30
1 -754 30
1 -755 30
1 -756 30
1 -757 30
1 -758 30
1 -759 30
1 -760 30
1 -761 30
1 -762 30
1 -763 30
1 -764 30
1 -765 30
1 -766 30
1 -767 30
1 -768 30
1 -769 30
1 -770 30
1 -771 30
1 -772 30
1 -773 30
1 -774 30
1 -775 30
1 -776 30
1 -777 30
1 -778 30
1 -779 30
1 -780 30
1 -781 30
1 -782 30
1 -783 30
1 -785 30
1 -786 30
1 -787 30
1 -788 30
1 -789 30
1 -790 30
1 -791 30
1 -792 30
1 -793 30
1 -794 30
1 -795 30
1 -796 30
1 -797 30
1 -798 30
1 -799 30
1 -811 30
1 -812 30
1 -816 30
1 -817 30
1 -829 30
1 -830 30
1 -886 30
1 -887 30
1 -888 30
1 -889 30
1 -890 30
1 -891 30
1 -892 30
1 -893 30
1 -894 30
1 -895 30
1 -896 30
1 -897 30
1 -898 30
1 -899 30
1 -900 30
1 -901 30
1 -902 30
1 -903 30
1 -904 30
1 -905 30
1 -906 30
1 -907 30
1 -908 30
1 -909 30
1 -910 30
1 -911 30
1 -912 30
1 -913 30
1 -914 30
1 -915 30
1 -916 30
1 -917 30
1 -918 30
1 -919 30
1 -920 30
1 -921 30
1 -922 30
1 -923 30
1 -924 30
1 -925 30
1 -926 30
1 -927 30
1 -928 30
1 -929 30
1 -930 30
1 -931 30
1 -932 30
1 -933 30
1 -934 30
1 -935 30
1 -936 30
1 -937 30
1 -938 30
1 -939 30
1 -940 30
1 -941 30
1 -942 30
1 -943 30
1 -944 30
1 -945 30
1 -946 30
1 -947 30
1 -948 30
1 -949 30
1 -950 30
1 -951 30
1 -952 30
1 -953 30
1 -954 30
1 -955 30
1 -956 30
1 -957 30
1 -958 30
1 -959 30
1 -960 30
1 -961 30
1 -962 30
1 -963 30
1 -964 30
1 -965 30
1 -966 30
1 -967 30
1 -968 30
1 -969 30
1 -970 30
1 -971 30
1 -972 30
1 -973 30
1 -974 30
1 -975 30
1 -976 30
1 -977 30
1 -978 30
1 -979 30
1 -980 30
1 -981 30
1 -982 30
1 -983 30
1 -984 30
1 -985 30
1 -986 30
1 -987 30
1 -988 30
1 -989 30
1 -990 30
1 -991 30
1 -992 30
1 -993 30
1 -994 30
1 -995 30
1 -996 30
1 -997 30
1 -998 30
1 -999 30
1 1 5
1 10 5
1 100 1
1 1000 37
1 1001 37
1 1002 37
1 1003 37
1 1004 37
1 1005 37
1 1006 37
1 1007 37
1 1008 37
1 1009 37
1 101 1
1 1010 37
1 1011 37
1 1012 37
1 1013 37
1 1014 5
1 1016 5
1 1017 1
1 1018 32
1 1019 32
1 102 1
1 1020 1
1 1021 1
1 1022 1
1 1023 1
1 1024 1
1 1025 1
1 1026 1
1 1027 1
1 103 1
1 1036 15
1 1037 15
1 1038 15
1 1039 15
1 104 1
1 1040 15
1 1041 15
1 1042 15
1 1043 15
1 1044 15
1 1045 15
1 1046 15
1 1047 15
1 1048 15
1 1049 15
1 105 1
1 1050 15
1 1051 15
1 1052 15
1 1053 15
1 1054 15
1 1055 15
1 1056 15
1 1057 15
1 1058 15
1 1059 15
1 106 1
1 1060 15
1 1061 15
1 1062 15
1 1063 15
1 1064 15
1 1065 15
1 1066 15
1 1067 15
1 1068 15
1 1069 15
1 107 1
1 1070 15
1 1071 15
1 1072 15
1 1073 15
1 1074 15
1 1075 15
1 1076 15
1 1077 15
1 1078 15
1 1079 15
1 108 1
1 1080 15
1 1081 15
1 1082 15
1 1083 15
1 1084 15
1 1085 15
1 1086 15
1 1087 15
1 1088 15
1 1089 15
1 109 1
1 1090 15
1 1091 15
1 1092 15
1 1093 15
1 1094 15
1 1095 15
1 1096 15
1 1097 15
1 1098 15
1 1099 15
1 11 5
1 110 1
1 1100 15
1 1101 15
1 1102 6
1 1103 6
1 1104 6
1 1105 6
1 1106 6
1 1107 6
1 1108 6
1 1109 6
1 111 1
1 1110 6
1 1111 6
1 1112 6
1 1113 6
1 1114 6
1 1115 6
1 1116 6
1 1117 6
1 1118 6
1 1119 6
1 112 1
1 1120 6
1 1121 6
1 1122 6
1 1123 6
1 1124 6
1 1125 6
1 1126 6
1 1127 6
1 1128 6
1 1129 6
1 113 1
1 1130 6
1 1131 6
1 1132 6
1 1133 6
1 1134 6
1 1135 6
1 1136 6
1 1137 6
1 1138 6
1 1139 6
1 114 1
1 1140 6
1 1141 6
1 1142 6
1 1143 6
1 1144 6
1 1145 6
1 1146 6
1 1147 6
1 1148 6
1 1149 6
1 115 1
1 1150 6
1 1151 6
1 1152 6
1 1153 6
1 1154 6
1 1155 6
1 1156 6
1 1157 6
1 1158 6
1 1159 6
1 116 1
1 1160 6
1 1161 6
1 1162 6
1 1163 6
1 1164 6
1 1165 6
1 1166 6
1 1167 6
1 1168 6
1 1169 6
1 117 1
1 1170 6
1 1171 6
1 1172 6
1 1173 6
1 1174 6
1 1175 6
1 1176 6
1 1177 6
1 1178 6
1 1179 6
1 118 1
1 1180 6
1 1181 6
1 1182 6
1 1183 6
1 1184 6
1 1185 6
1 1186 6
1 1187 6
1 1188 6
1 1189 6
1 119 1
1 1190 6
1 1191 6
1 1192 6
1 1193 6
1 1194 6
1 1195 6
1 1196 6
1 1197 6
1 1198 6
1 1199 6
1 12 5
1 120 1
1 1200 6
1 1201 6
1 1202 6
1 1203 6
1 1204 6
1 1205 6
1 1206 6
1 1207 6
1 1208 6
1 1209 6
1 121 1
1 1210 6
1 1211 6
1 1212 6
1 1213 6
1 1214 6
1 1215 6
1 1216 6
1 1217 6
1 1218 6
1 1219 6
1 122 1
1 1220 6
1 1221 6
1 1222 6
1 1223 6
1 1224 2
1 1225 2
1 1226 5
1 1227 5
1 1228 9
1 1229 11
1 123 1
1 1230 1
1 1231 1
1 1232 1
1 1233 1
1 1234 1
1 1235 1
1 1236 1
1 1237 1
1 1238 1
1 1239 1
1 124 1
1 1240 1
1 1241 1
1 1242 1
1 1243 1
1 1244 1
1 1245 1
1 1246 1
1 1247 1
1 1248 1
1 1249 1
1 125 1
1 1250 1
1 1251 1
1 1252 1
1 1253 1
1 1254 1
1 1255 1
1 1256 1
1 1257 1
1 1258 1
1 1259 1
1 126 1
1 1260 1
1 1261 1
1 1262 1
1 1263 1
1 1264 1
1 1265 1
1 1266 1
1 1267 16
1 1268 1
1 1269 8
1 127 1
1 1270 8
1 1271 1
1 1272 1
1 1273 8
1 1274 8
1 1275 8
1 1276 8
1 1277 8
1 1278 8
1 1279 8
1 128 1
1 1280 8
1 1281 8
1 1282 8
1 1283 8
1 1284 8
1 1285 8
1 1286 8
1 1287 8
1 1288 8
1 1289 8
1 129 1
1 1290 8
1 1291 8
1 1292 8
1 1293 8
1 1294 1
1 1295 1
1 1296 1
1 1297 1
1 1298 1
1 1299 1
1 13 5
1 130 1
1 1300 1
1 1301 1
1 1302 1
1 1303 12
1 1304 12
1 1305 12
1 1306 12
1 1307 12
1 1308 12
1 1309 12
1 131 1
1 1310 12
1 1311 12
1 1312 12
1 1313 12
1 1314 12
1 1315 12
1 1316 12
1 1317 12
1 1318 12
1 1319 12
1 132 1
1 1320 12
1 1321 12
1 1322 12
1 1323 12
1 1324 12
1 1325 12
1 1326 12
1 1327 12
1 1328 12
1 1329 12
1 133 1
1 1330 12
1 1331 12
1 1332 12
1 1333 12
1 1334 12
1 1335 12
1 1336 12
1 1337 12
1 1338 12
1 1339 12
1 134 1
1 1340 12
1 1341 12
1 1342 12
1 135 1
1 136 1
1 137 1
1 138 1
1 1384 12
1 1385 12
1 1386 12
1 1387 12
1 1388 12
1 1389 12
1 139 1
1 1390 12
1 1391 12
1 1392 12
1 1393 12
1 1394 34
1 1395 1
1 1396 33
1 1397 33
1 1398 1
1 1399 1
1 14 5
1 140 1
1 1400 1
1 1401 1
1 1402 1
1 1403 1
1 1404 1
1 1405 1
1 1406 1
1 1407 1
1 1408 1
1 1409 1
1 141 1
1 1410 1
1 1411 1
1 1412 0
1 1413 0
1 1414 1
1 1415 1
1 1416 1
1 1417 1
1 1418 1
1 1419 1
1 142 1
1 1420 28
1 1421 1
1 1422 1
1 1423 1
1 1424 1
1 1425 1
1 1426 1
1 1427 28
1 1428 1
1 1429 1
1 143 1
1 1430 1
1 1431 1
1 1432 1
1 1433 1
1 1434 1
1 1435 1
1 1436 1
1 1437 1
1 1438 1
1 1439 1
1 144 1
1 1440 1
1 1441 1
1 1442 1
1 1443 1
1 1444 1
1 1445 1
1 1446 1
1 1447 1
1 1448 1
1 1449 1
1 145 1
1 1450 1
1 1451 1
1 1452 1
1 1453 1
1 1454 1
1 1455 1
1 1456 1
1 1457 1
1 1458 1
1 1459 1
1 146 1
1 1460 1
1 1461 1
1 1462 1
1 1463 1
1 1464 1
1 1465 1
1 1466 1
1 1467 1
1 1468 1
1 1469 1
1 147 1
1 1470 1
1 1471 1
1 1472 1
1 1473 1
1 1474 1
1 1475 1
1 1476 1
1 1477 1
1 1478 1
1 1479 1
1 148 1
1 1480 1
1 1481 1
1 1482 1
1 1483 1
1 1484 1
1 1485 1
1 1486 1
1 1487 1
1 1488 1
1 1489 1
1 149 1
1 1490 1
1 1491 1
1 1492 1
1 1493 1
1 1494 1
1 1495 1
1 1496 1
1 1497 1
1 1498 1
1 1499 1
1 15 5
1 150 1
1 1500 1
1 1501 1
1 1502 1
1 1503 1
1 1504 1
1 1505 1
1 1506 1
1 1507 1
1 1508 1
1 1509 1
1 151 1
1 1510 1
1 1511 1
1 1512 1
1 1513 1
1 1514 1
1 1515 1
1 1516 1
1 1517 1
1 1518 1
1 1519 1
1 152 1
1 1520 1
1 1521 1
1 1522 1
1 1523 1
1 1524 1
1 1525 1
1 1526 1
1 1527 1
1 1528 1
1 1529 1
1 153 1
1 1530 1
1 1531 1
1 1532 1
1 1533 1
1 1534 1
1 1535 1
1 1536 1
1 1537 1
1 1538 1
1 1539 1
1 154 1
1 1540 1
1 1541 1
1 1542 1
1 1543 1
1 1544 1
1 1545 6
1 1546 6
1 1547 6
1 1548 6
1 1549 6
1 155 1
1 1550 6
1 1551 6
1 1552 6
1 1553 6
1 1554 6
1 1555 6
1 1556 6
1 1557 6
1 1558 6
1 1559 6
1 156 1
1 1560 6
1 1561 6
1 1562 6
1 1563 6
1 1564 6
1 1565 6
1 1566 6
1 1567 6
1 1568 6
1 1569 6
1 157 1
1 1570 6
1 1571 6
1 1572 6
1 1573 6
1 1574 6
1 1575 6
1 1576 6
1 1577 6
1 1578 6
1 1579 6
1 158 1
1 1580 6
1 1581 6
1 1582 6
1 1583 6
1 1584 6
1 1585 6
1 1586 6
1 1587 6
1 1588 6
1 1589 6
1 159 1
1 1590 6
1 1591 6
1 1592 6
1 1593 6
1 1594 6
1 1595 6
1 16 5
1 160 1
1 1604 6
1 1605 6
1 1606 6
1 1607 6
1 1608 6
1 1609 6
1 161 1
1 1610 6
1 1611 6
1 1612 6
1 1613 6
1 1614 6
1 1615 6
1 1616 6
1 1617 6
1 1618 6
1 1619 6
1 162 1
1 1620 6
1 1621 6
1 1622 6
1 1623 6
1 1624 6
1 1625 6
1 1626 6
1 1627 6
1 1628 6
1 1629 6
1 163 1
1 1630 6
1 1631 6
1 1632 6
1 1633 6
1 1634 6
1 1635 6
1 1636 6
1 1637 6
1 1638 6
1 1639 6
1 164 1
1 1640 6
1 1641 6
1 1642 6
1 1643 6
1 1644 6
1 1645 6
1 1646 6
1 1647 6
1 1648 6
1 1649 6
1 1650 6
1 1651 6
1 1652 6
1 1653 6
1 1654 6
1 1655 6
1 1656 6
1 1657 6
1 1658 6
1 1659 6
1 166 1
1 1660 6
1 1661 6
1 1662 6
1 1663 6
1 1664 6
1 1665 6
1 1666 6
1 1667 6
1 1668 6
1 1669 6
1 1670 6
1 1671 6
1 1672 6
1 1673 6
1 1674 6
1 1675 6
1 1676 6
1 1677 6
1 1678 6
1 1679 6
1 168 1
1 1680 6
1 1681 6
1 1682 6
1 1683 6
1 1684 6
1 1685 6
1 1686 6
1 1687 6
1 1688 6
1 1689 6
1 169 1
1 1690 6
1 1691 6
1 1692 6
1 1693 6
1 1694 6
1 1695 6
1 1696 6
1 1697 6
1 1698 6
1 1699 6
1 170 1
1 1700 6
1 1701 6
1 1702 6
1 1703 6
1 1704 6
1 1705 6
1 1706 6
1 1707 6
1 1708 6
1 1709 6
1 171 1
1 1710 6
1 1711 6
1 1712 6
1 1713 6
1 1714 6
1 1715 6
1 1716 6
1 1717 6
1 1718 6
1 1719 6
1 172 1
1 1720 6
1 1721 6
1 1722 6
1 1723 6
1 1724 6
1 1725 6
1 1726 6
1 1727 6
1 1728 6
1 1729 6
1 173 1
1 1730 6
1 1731 6
1 1732 6
1 1733 6
1 1734 6
1 1735 6
1 1736 6
1 1737 6
1 1738 6
1 1739 6
1 174 1
1 1740 6
1 1741 6
1 1742 6
1 1743 6
1 1744 6
1 1745 6
1 1746 6
1 1747 6
1 1748 6
1 1749 6
1 175 1
1 1750 6
1 1751 6
1 1752 6
1 1753 6
1 1754 6
1 1755 6
1 1756 6
1 1757 6
1 1758 6
1 1759 6
1 176 1
1 1760 6
1 1761 6
1 1762 6
1 1763 6
1 1764 6
1 1765 6
1 1766 6
1 1767 6
1 1768 6
1 1769 6
1 177 1
1 1770 6
1 1771 6
1 1772 6
1 1773 6
1 1774 6
1 1775 6
1 1776 6
1 1777 6
1 1778 6
1 1779 6
1 178 1
1 1780 6
1 1781 6
1 1782 6
1 1783 6
1 1784 6
1 1785 6
1 1786 6
1 1787 6
1 1788 6
1 1789 6
1 179 1
1 1790 6
1 1791 6
1 1792 6
1 1793 6
1 1794 6
1 1795 6
1 1796 6
1 1797 6
1 1798 6
1 1799 6
1 18 5
1 180 1
1 1800 6
1 1801 6
1 1802 6
1 1803 6
1 1804 6
1 1805 6
1 1806 6
1 1807 6
1 1808 6
1 1809 6
1 181 1
1 1810 6
1 1811 6
1 1812 6
1 1813 6
1 1814 6
1 1815 6
1 1816 6
1 1817 6
1 1818 6
1 1819 6
1 182 1
1 1820 6
1 1821 6
1 1822 6
1 1823 6
1 1824 6
1 1825 6
1 1826 6
1 1827 6
1 1828 6
1 1829 6
1 183 1
1 1830 6
1 1831 6
1 1832 6
1 1833 6
1 1834 6
1 1835 6
1 1836 6
1 1837 6
1 1838 6
1 1839 6
1 184 1
1 1840 6
1 1841 6
1 1842 6
1 1843 6
1 1844 6
1 1845 6
1 1846 6
1 1847 6
1 1848 6
1 1849 6
1 185 1
1 1850 6
1 1851 6
1 1852 6
1 1853 6
1 1854 6
1 1855 6
1 1856 6
1 1857 6
1 1858 6
1 1859 6
1 186 1
1 1860 6
1 1861 6
1 1862 6
1 1863 6
1 1864 6
1 1865 6
1 1866 6
1 1867 6
1 1868 6
1 1869 6
1 187 1
1 1870 6
1 1871 6
1 1872 6
1 1873 6
1 1874 6
1 1875 6
1 1876 6
1 1877 6
1 1878 6
1 1879 6
1 188 1
1 1880 6
1 1881 6
1 1882 6
1 1883 6
1 1884 6
1 1885 6
1 1886 6
1 1887 6
1 1888 6
1 1889 6
1 189 1
1 1890 6
1 1891 6
1 1892 6
1 1893 6
1 1894 6
1 1895 6
1 1896 6
1 1897 6
1 1898 6
1 1899 6
1 19 5
1 190 1
1 1900 6
1 1901 6
1 1902 6
1 1903 6
1 1904 6
1 1905 6
1 1906 6
1 1907 6
1 1908 6
1 1909 6
1 191 1
1 1910 6
1 1911 6
1 1912 6
1 1913 6
1 1914 6
1 1915 6
1 1916 6
1 1917 6
1 1918 6
1 1919 6
1 192 1
1 1920 6
1 1921 6
1 1922 6
1 1923 6
1 1924 6
1 1925 6
1 1926 6
1 1927 6
1 1928 6
1 1929 6
1 193 1
1 1930 6
1 1931 6
1 1932 6
1 1933 6
1 1934 6
1 1935 6
1 1936 6
1 1937 6
1 1938 6
1 1939 6
1 194 1
1 1940 6
1 1941 6
1 1942 6
1 1943 6
1 1944 6
1 1945 6
1 1946 6
1 1947 6
1 1948 6
1 1949 6
1 195 1
1 1950 6
1 1951 6
1 1952 6
1 1953 6
1 1954 6
1 1955 6
1 1956 6
1 1957 6
1 1958 6
1 1959 6
1 196 1
1 1960 6
1 1961 6
1 1962 6
1 1963 6
1 1964 6
1 1965 6
1 1966 6
1 1967 6
1 1968 6
1 1969 6
1 197 1
1 1970 6
1 1971 6
1 1972 6
1 1973 6
1 1974 6
1 1975 6
1 1976 6
1 1977 6
1 1978 6
1 1979 6
1 198 1
1 1980 6
1 1981 6
1 1982 6
1 1983 6
1 1984 6
1 1985 6
1 1986 6
1 1987 6
1 1988 6
1 1989 6
1 199 1
1 1990 6
1 1991 6
1 1992 6
1 1993 6
1 1994 6
1 1995 6
1 1996 6
1 1997 6
1 1998 6
1 1999 6
1 2 5
1 20 5
1 200 1
1 2000 6
1 2001 6
1 2002 6
1 2003 6
1 2004 6
1 2005 6
1 2006 6
1 2007 6
1 2008 6
1 2009 6
1 201 1
1 2010 6
1 2011 6
1 2012 6
1 2013 6
1 2014 6
1 2015 6
1 2016 6
1 2017 6
1 2018 6
1 2019 6
1 202 1
1 2020 6
1 2021 6
1 2022 6
1 2023 6
1 2024 6
1 2025 6
1 2026 6
1 2027 6
1 2028 6
1 2029 6
1 203 1
1 2030 6
1 2031 6
1 2032 6
1 2033 6
1 2034 6
1 2035 6
1 2036 6
1 2037 6
1 2038 6
1 2039 6
1 204 1
1 2040 6
1 2041 6
1 2042 6
1 2043 6
1 2044 6
1 2045 6
1 2046 6
1 2047 6
1 2048 6
1 2049 6
1 205 1
1 2050 6
1 2051 6
1 2052 6
1 2053 6
1 2054 6
1 2055 6
1 2056 6
1 2057 6
1 2058 6
1 2059 6
1 206 1
1 2060 6
1 2061 6
1 2062 6
1 2063 6
1 2064 6
1 2065 6
1 2066 6
1 2067 6
1 2068 6
1 2069 6
1 207 1
1 2070 6
1 2071 6
1 2072 6
1 2073 6
1 2074 6
1 2075 6
1 2076 6
1 2077 6
1 2078 6
1 2079 6
1 208 1
1 2080 6
1 2081 6
1 2082 6
1 2083 6
1 2084 6
1 2085 6
1 2086 6
1 2087 6
1 2088 6
1 2089 6
1 209 1
1 2090 6
1 2091 6
1 2092 6
1 2093 6
1 2094 6
1 2095 6
1 2096 6
1 2097 6
1 2098 6
1 2099 6
1 21 5
1 210 1
1 2100 6
1 2101 6
1 2102 6
1 2103 6
1 2104 6
1 2105 6
1 2106 6
1 2107 6
1 2108 6
1 2109 6
1 211 1
1 2110 6
1 2111 6
1 2112 6
1 2113 6
1 2114 6
1 2115 6
1 2116 6
1 2117 6
1 2118 6
1 2119 6
1 212 1
1 2120 6
1 2121 6
1 2122 6
1 2123 6
1 2124 6
1 2125 6
1 2126 6
1 2127 6
1 2128 6
1 2129 6
1 213 1
1 2130 6
1 2131 6
1 2132 6
1 2133 6
1 2134 6
1 2135 6
1 2136 6
1 2137 6
1 2138 6
1 2139 6
1 214 1
1 2140 6
1 2141 6
1 2142 6
1 2143 6
1 2144 6
1 2145 6
1 2146 6
1 2147 6
1 2148 6
1 2149 6
1 215 1
1 2150 6
1 2151 6
1 2152 6
1 2153 6
1 2154 6
1 2155 6
1 2156 6
1 2157 6
1 2158 6
1 2159 6
1 216 1
1 2160 6
1 2161 6
1 2162 6
1 2163 6
1 2164 6
1 2165 6
1 2166 6
1 2167 6
1 2168 6
1 2169 6
1 217 1
1 2170 6
1 2171 6
1 2172 6
1 2173 6
1 2174 6
1 2175 6
1 2176 6
1 2177 6
1 2178 6
1 2179 6
1 218 1
1 2180 6
1 2181 6
1 2182 6
1 2183 6
1 2184 6
1 2185 6
1 2186 6
1 2187 6
1 2188 6
1 2189 6
1 219 1
1 2190 6
1 2191 6
1 2192 6
1 2193 6
1 2194 6
1 2195 6
1 2196 6
1 2197 6
1 2198 6
1 2199 6
1 22 5
1 220 1
1 2200 6
1 2201 6
1 2202 6
1 2203 6
1 2204 6
1 2205 6
1 2206 6
1 2207 6
1 2208 6
1 2209 6
1 221 1
1 2210 6
1 2211 6
1 2212 6
1 2213 6
1 2214 6
1 2215 6
1 2216 6
1 2217 6
1 2218 6
1 2219 6
1 222 1
1 2220 6
1 2221 6
1 2222 6
1 2223 6
1 2224 6
1 2225 6
1 2226 6
1 2227 6
1 2228 6
1 2229 6
1 223 1
1 2230 6
1 2231 6
1 2232 6
1 2233 6
1 2234 6
1 2235 6
1 2236 6
1 2237 6
1 2238 6
1 2239 6
1 224 1
1 2240 6
1 2241 6
1 2242 6
1 2243 6
1 2244 6
1 2245 6
1 2246 6
1 2247 6
1 2248 6
1 2249 6
1 225 1
1 2250 6
1 2251 6
1 2252 6
1 2253 6
1 2254 6
1 2255 6
1 2256 6
1 2257 6
1 2258 6
1 2259 6
1 226 1
1 2260 6
1 2261 6
1 2262 6
1 2263 6
1 2264 6
1 2265 6
1 2266 6
1 2267 6
1 2268 6
1 2269 6
1 227 1
1 2270 6
1 2271 6
1 2272 6
1 2273 6
1 2274 6
1 2275 6
1 2276 6
1 2277 6
1 2278 6
1 2279 6
1 228 1
1 2280 6
1 2281 6
1 2282 6
1 2283 6
1 2284 6
1 2285 6
1 2286 6
1 2287 6
1 2288 6
1 2289 6
1 229 1
1 2290 6
1 2291 6
1 2292 6
1 2293 6
1 2294 6
1 2295 6
1 2296 6
1 2297 6
1 2298 6
1 2299 6
1 23 5
1 230 1
1 2300 6
1 2301 6
1 2302 6
1 2303 6
1 2304 6
1 2305 6
1 2306 6
1 2307 6
1 2308 6
1 2309 6
1 231 1
1 2310 6
1 2311 6
1 2312 6
1 2313 6
1 2314 6
1 2315 6
1 2316 6
1 2317 6
1 2318 6
1 2319 6
1 232 1
1 2320 6
1 2321 6
1 2322 6
1 2323 6
1 2324 6
1 2325 6
1 2326 6
1 2327 6
1 2328 6
1 2329 6
1 233 1
1 2330 6
1 2331 6
1 2332 6
1 2333 6
1 2334 6
1 2335 6
1 2336 6
1 2337 6
1 2338 6
1 2339 6
1 234 1
1 2340 6
1 2341 6
1 2342 6
1 2343 6
1 2344 6
1 2345 6
1 2346 6
1 2347 6
1 2348 6
1 2349 6
1 235 1
1 2350 6
1 2351 6
1 2352 6
1 2353 6
1 2354 6
1 2355 6
1 2356 6
1 2357 6
1 2358 6
1 2359 6
1 236 1
1 2360 6
1 2361 6
1 2362 6
1 2363 6
1 2364 6
1 2365 6
1 2366 6
1 2367 6
1 2368 6
1 2369 6
1 237 1
1 2370 6
1 2371 6
1 2372 6
1 2373 6
1 2374 6
1 2375 6
1 2376 6
1 2377 6
1 2378 6
1 2379 6
1 238 1
1 2380 6
1 2381 6
1 2382 6
1 2383 6
1 2384 6
1 2385 6
1 2386 6
1 2387 6
1 2388 6
1 2389 6
1 239 1
1 2390 6
1 2391 6
1 2392 6
1 2393 6
1 2394 6
1 2395 6
1 2396 6
1 2397 6
1 2398 6
1 2399 6
1 24 5
1 240 1
1 2400 6
1 2401 6
1 2402 6
1 2403 6
1 2404 6
1 2405 6
1 2406 6
1 2407 6
1 2408 6
1 2409 6
1 241 1
1 2410 6
1 2411 6
1 2412 6
1 2413 6
1 2414 6
1 2415 6
1 2416 6
1 2417 6
1 2418 6
1 2419 6
1 242 1
1 2420 6
1 2421 6
1 2422 6
1 2423 6
1 2424 6
1 2425 6
1 2426 6
1 2427 6
1 2428 6
1 2429 6
1 243 1
1 2430 6
1 2431 6
1 2432 6
1 2433 6
1 2434 6
1 2435 6
1 2436 6
1 2437 6
1 2438 6
1 2439 6
1 244 1
1 2440 6
1 2441 6
1 2442 6
1 2443 6
1 2444 6
1 2445 6
1 2446 6
1 2447 6
1 2448 6
1 2449 6
1 245 1
1 2450 6
1 2451 6
1 2452 6
1 2453 6
1 2454 6
1 2455 6
1 2456 6
1 2457 6
1 2458 6
1 2459 6
1 246 1
1 2460 6
1 2461 6
1 2462 6
1 2463 6
1 2464 6
1 2465 6
1 2466 6
1 2467 6
1 2468 6
1 2469 6
1 247 1
1 2470 6
1 2471 6
1 2472 6
1 2473 6
1 2474 6
1 2475 6
1 2476 6
1 2477 6
1 2478 6
1 2479 6
1 248 1
1 2480 6
1 2481 6
1 2482 6
1 2483 6
1 2484 6
1 2485 6
1 2486 6
1 2487 6
1 2488 6
1 2489 6
1 249 1
1 2490 6
1 2491 6
1 2492 6
1 2493 6
1 2494 6
1 2495 6
1 2496 6
1 2497 6
1 2498 6
1 2499 6
1 25 5
1 250 1
1 2500 6
1 2501 6
1 2502 6
1 2503 6
1 2504 6
1 2505 6
1 2506 6
1 2507 6
1 2508 6
1 2509 6
1 251 1
1 2510 6
1 2511 6
1 2512 6
1 2513 6
1 2514 6
1 2515 6
1 2516 6
1 2517 6
1 2518 6
1 2519 6
1 252 1
1 2520 6
1 2521 6
1 2522 6
1 2523 6
1 2524 6
1 2525 6
1 2526 6
1 2527 6
1 2528 6
1 2529 6
1 253 1
1 2530 6
1 2531 6
1 2532 6
1 2533 6
1 2534 6
1 2535 6
1 2536 6
1 2537 6
1 2538 6
1 2539 6
1 254 1
1 2540 6
1 2541 6
1 2542 6
1 2543 6
1 2544 6
1 2545 6
1 2546 6
1 2547 6
1 2548 6
1 2549 6
1 255 1
1 2550 6
1 2551 6
1 2552 6
1 2553 6
1 2554 6
1 2555 6
1 2556 6
1 2557 6
1 2558 6
1 2559 6
1 256 1
1 2560 6
1 2561 6
1 2562 6
1 2563 6
1 2564 6
1 2565 6
1 2566 6
1 2567 6
1 2568 6
1 2569 6
1 257 1
1 2570 6
1 2571 6
1 2572 6
1 2573 6
1 2574 6
1 2575 6
1 2576 6
1 2577 6
1 2578 6
1 2579 6
1 258 1
1 2580 6
1 2581 6
1 2582 6
1 2583 6
1 2584 6
1 2585 6
1 2586 6
1 2587 6
1 2588 6
1 2589 6
1 259 1
1 2590 6
1 2591 6
1 2592 6
1 2593 6
1 2594 6
1 2595 6
1 2596 6
1 2597 6
1 2598 6
1 2599 6
1 26 5
1 260 1
1 2600 6
1 2601 6
1 2602 6
1 2603 6
1 2604 6
1 2605 6
1 2606 6
1 2607 6
1 2608 6
1 2609 6
1 261 1
1 2610 6
1 2611 6
1 2612 6
1 2613 6
1 2614 6
1 2615 6
1 2616 6
1 2617 6
1 2618 6
1 2619 6
1 262 1
1 2620 6
1 2621 6
1 2622 6
1 2623 6
1 2624 6
1 2625 6
1 2626 6
1 2627 6
1 2628 6
1 2629 6
1 263 1
1 2630 6
1 2631 6
1 2632 6
1 2633 6
1 2634 6
1 2635 6
1 2636 6
1 2637 6
1 2638 6
1 2639 6
1 264 1
1 2640 6
1 2641 6
1 2642 6
1 2643 6
1 2644 6
1 2645 6
1 2646 6
1 2647 6
1 2648 6
1 2649 6
1 265 1
1 2650 6
1 2651 6
1 2652 6
1 2653 6
1 2654 6
1 2655 6
1 2656 6
1 2657 6
1 2658 6
1 2659 6
1 266 1
1 2660 6
1 2661 6
1 2662 6
1 2663 6
1 2664 6
1 2665 6
1 2666 6
1 2667 6
1 2668 6
1 2669 6
1 267 1
1 2670 6
1 2671 6
1 2672 6
1 2673 6
1 2674 6
1 2675 6
1 2676 6
1 2677 6
1 2678 6
1 2679 6
1 268 1
1 2680 6
1 2681 6
1 2682 6
1 2683 6
1 2684 6
1 2685 6
1 2686 6
1 2687 6
1 2688 6
1 2689 6
1 269 1
1 2690 6
1 2691 6
1 2692 6
1 2693 6
1 2694 6
1 2695 6
1 2696 6
1 2697 6
1 2698 6
1 2699 6
1 27 5
1 270 1
1 2700 6
1 2701 6
1 2702 6
1 2703 6
1 2704 6
1 2705 6
1 2706 6
1 2707 6
1 2708 6
1 2709 6
1 271 1
1 2710 6
1 2711 6
1 2712 6
1 2713 6
1 2714 6
1 2715 6
1 2716 6
1 2717 6
1 2718 6
1 2719 6
1 272 1
1 2720 6
1 2721 6
1 2722 6
1 2723 6
1 2724 6
1 2725 6
1 2726 6
1 2727 6
1 2728 6
1 2729 6
1 273 1
1 2730 6
1 2731 6
1 2732 6
1 2733 6
1 2734 6
1 2735 6
1 2736 6
1 2737 6
1 2738 6
1 2739 6
1 274 1
1 2740 6
1 2741 6
1 2742 6
1 2743 6
1 2744 6
1 2745 6
1 2746 6
1 2747 6
1 2748 6
1 2749 6
1 275 1
1 2750 6
1 2751 6
1 2752 6
1 2753 6
1 2754 6
1 2755 6
1 2756 6
1 2757 6
1 2758 6
1 2759 6
1 276 1
1 2760 6
1 2761 6
1 2762 6
1 2763 6
1 2764 6
1 2765 6
1 2766 6
1 2767 6
1 2768 6
1 2769 6
1 277 1
1 2770 6
1 2771 6
1 2772 6
1 2773 6
1 2774 6
1 2775 6
1 2776 6
1 2777 6
1 2778 6
1 2779 6
1 278 1
1 2780 6
1 2781 6
1 2782 6
1 2783 6
1 2784 6
1 2785 6
1 2786 6
1 2787 6
1 2788 6
1 2789 6
1 279 1
1 2790 6
1 2791 6
1 2792 6
1 2793 6
1 2794 6
1 2795 6
1 2796 6
1 2797 6
1 2798 6
1 2799 6
1 28 5
1 280 1
1 2800 6
1 2801 6
1 2802 6
1 2803 6
1 2804 6
1 2805 6
1 2806 6
1 2807 6
1 2808 6
1 2809 6
1 281 1
1 2810 6
1 2811 6
1 2812 6
1 2813 6
1 2814 6
1 2815 6
1 2816 6
1 2817 6
1 2818 6
1 2819 6
1 282 1
1 2820 6
1 2821 6
1 2822 6
1 2823 6
1 2824 6
1 2825 6
1 2826 6
1 2827 6
1 2828 6
1 2829 6
1 283 1
1 2830 6
1 2831 6
1 2832 6
1 2833 6
1 2834 6
1 2835 6
1 2836 6
1 2837 6
1 2838 6
1 2839 6
1 284 1
1 2840 6
1 2841 6
1 2842 6
1 2843 6
1 2844 6
1 2845 6
1 2846 6
1 2847 6
1 2848 6
1 2849 6
1 285 1
1 2850 6
1 2851 6
1 2852 6
1 2853 6
1 2854 6
1 2855 6
1 2856 6
1 2857 6
1 2858 6
1 2859 6
1 286 1
1 2860 6
1 2861 6
1 2862 6
1 2863 6
1 2864 6
1 2865 6
1 2866 6
1 2867 6
1 2868 6
1 2869 6
1 287 1
1 2870 6
1 2871 6
1 2872 6
1 2873 6
1 2874 6
1 2875 6
1 2876 6
1 2877 6
1 2878 6
1 2879 6
1 288 1
1 2880 6
1 2881 6
1 2882 1
1 2883 1
1 2884 7
1 2885 6
1 2886 7
1 2887 7
1 2888 7
1 2889 7
1 289 1
1 2890 7
1 2891 7
1 2892 7
1 2893 6
1 2894 7
1 2895 6
1 2896 7
1 2897 6
1 2898 7
1 2899 6
1 29 5
1 290 1
1 2900 6
1 2901 6
1 2902 6
1 2903 6
1 2904 6
1 2905 6
1 2906 6
1 2907 6
1 2908 6
1 2909 6
1 291 1
1 2910 6
1 292 1
1 293 1
1 294 1
1 295 1
1 296 1
1 297 1
1 298 1
1 299 1
1 3 5
1 30 5
1 300 1
1 301 1
1 302 1
1 303 1
1 304 1
1 305 1
1 306 1
1 307 1
1 308 1
1 309 1
1 31 5
1 310 1
1 311 1
1 312 1
1 313 1
1 314 1
1 315 1
1 316 1
1 317 1
1 318 1
1 319 1
1 32 5
1 320 1
1 321 1
1 322 1
1 323 1
1 324 1
1 325 1
1 326 1
1 327 1
1 328 1
1 329 1
1 33 5
1 330 1
1 331 1
1 332 1
1 333 1
1 334 1
1 335 1
1 336 1
1 337 1
1 338 1
1 339 1
1 34 5
1 340 1
1 341 1
1 342 1
1 343 1
1 344 1
1 345 1
1 346 1
1 347 1
1 348 1
1 349 1
1 35 5
1 350 1
1 351 1
1 352 1
1 353 1
1 354 1
1 355 1
1 356 1
1 357 1
1 358 1
1 359 1
1 36 5
1 360 1
1 361 1
1 362 1
1 363 1
1 364 1
1 365 1
1 366 1
1 367 1
1 368 1
1 369 1
1 370 1
1 371 1
1 372 1
1 373 1
1 374 1
1 375 1
1 376 1
1 377 1
1 378 1
1 379 1
1 380 1
1 381 1
1 382 1
1 383 1
1 384 1
1 385 1
1 386 1
1 387 1
1 388 1
1 389 1
1 390 1
1 391 1
1 392 1
1 393 1
1 394 1
1 395 1
1 396 1
1 397 1
1 398 1
1 399 1
1 4 5
1 400 1
1 401 1
1 402 1
1 403 1
1 404 1
1 405 1
1 406 1
1 407 1
1 408 1
1 409 1
1 41 0
1 410 1
1 411 1
1 412 1
1 413 1
1 414 1
1 415 1
1 416 1
1 417 1
1 418 1
1 419 1
1 42 2
1 420 1
1 421 1
1 422 1
1 423 1
1 424 1
1 425 1
1 426 1
1 427 1
1 428 1
1 429 1
1 43 2
1 432 1
1 433 1
1 434 1
1 435 1
1 438 1
1 439 0
1 44 1
1 440 0
1 441 0
1 442 0
1 443 0
1 444 0
1 445 0
1 446 0
1 447 0
1 448 0
1 449 0
1 45 1
1 450 0
1 451 0
1 452 0
1 453 0
1 454 0
1 455 0
1 456 0
1 457 0
1 458 0
1 459 0
1 46 1
1 460 0
1 461 0
1 462 0
1 463 0
1 464 0
1 465 0
1 466 0
1 467 0
1 468 0
1 469 0
1 47 1
1 470 0
1 471 0
1 472 0
1 473 0
1 474 0
1 475 0
1 476 0
1 477 0
1 478 0
1 479 0
1 48 1
1 480 0
1 481 0
1 482 0
1 483 0
1 484 0
1 485 0
1 486 0
1 487 0
1 488 0
1 489 0
1 49 1
1 490 0
1 491 0
1 492 0
1 493 0
1 494 0
1 495 0
1 496 0
1 497 0
1 498 0
1 499 0
1 5 5
1 50 1
1 500 0
1 501 0
1 502 0
1 503 0
1 504 0
1 505 0
1 506 0
1 507 0
1 508 0
1 509 0
1 51 1
1 510 0
1 511 0
1 512 0
1 513 0
1 514 0
1 515 0
1 516 0
1 517 0
1 518 0
1 519 0
1 52 1
1 520 0
1 521 0
1 522 0
1 523 0
1 524 0
1 525 0
1 526 0
1 527 0
1 528 0
1 529 0
1 53 1
1 530 0
1 531 0
1 532 0
1 533 0
1 534 0
1 535 0
1 536 0
1 537 0
1 538 0
1 539 0
1 54 1
1 540 0
1 541 0
1 542 0
1 543 0
1 544 0
1 545 0
1 546 0
1 547 0
1 548 0
1 549 0
1 55 1
1 550 0
1 551 0
1 552 0
1 553 0
1 554 0
1 555 0
1 556 0
1 557 0
1 558 0
1 559 0
1 56 1
1 560 0
1 561 0
1 562 0
1 563 0
1 564 0
1 565 0
1 566 0
1 567 0
1 568 0
1 569 0
1 57 1
1 570 0
1 571 0
1 572 0
1 573 0
1 574 0
1 575 0
1 576 0
1 577 0
1 578 0
1 579 0
1 58 1
1 580 0
1 581 0
1 582 0
1 587 0
1 588 0
1 589 0
1 59 1
1 590 0
1 591 0
1 592 0
1 593 0
1 594 0
1 595 0
1 596 0
1 597 0
1 598 0
1 599 0
1 6 5
1 60 1
1 600 0
1 601 0
1 602 0
1 603 0
1 604 0
1 605 0
1 606 0
1 607 0
1 608 0
1 609 0
1 61 1
1 610 0
1 611 0
1 612 0
1 613 0
1 614 0
1 615 0
1 616 0
1 617 0
1 618 0
1 619 0
1 62 1
1 620 14
1 621 14
1 622 14
1 623 14
1 624 14
1 625 14
1 626 14
1 627 14
1 628 14
1 629 14
1 63 1
1 630 14
1 631 14
1 632 14
1 633 14
1 634 14
1 635 14
1 636 14
1 637 14
1 638 14
1 639 14
1 64 1
1 640 14
1 641 14
1 642 14
1 643 14
1 644 14
1 645 14
1 646 14
1 647 14
1 648 14
1 649 14
1 650 14
1 651 14
1 652 14
1 653 14
1 654 14
1 655 14
1 656 14
1 657 14
1 658 14
1 659 14
1 66 1
1 660 14
1 661 14
1 662 14
1 663 14
1 664 14
1 665 14
1 666 14
1 667 14
1 668 14
1 669 14
1 67 1
1 670 14
1 671 14
1 672 37
1 673 37
1 674 37
1 675 37
1 676 37
1 677 37
1 678 37
1 679 37
1 680 37
1 681 37
1 682 37
1 683 37
1 684 37
1 685 37
1 686 37
1 687 37
1 688 37
1 689 37
1 69 1
1 690 37
1 691 37
1 692 37
1 693 37
1 694 37
1 695 37
1 696 37
1 697 36
1 7 5
1 70 1
1 700 36
1 701 36
1 703 36
1 704 36
1 705 36
1 706 36
1 707 36
1 708 36
1 709 36
1 71 1
1 710 36
1 711 36
1 712 36
1 713 36
1 714 36
1 715 36
1 716 36
1 717 36
1 718 36
1 719 36
1 72 1
1 720 36
1 722 36
1 723 36
1 724 36
1 725 36
1 726 36
1 727 36
1 728 36
1 729 36
1 73 1
1 730 36
1 731 36
1 732 36
1 733 36
1 734 36
1 735 36
1 736 36
1 737 36
1 738 36
1 739 36
1 74 1
1 740 36
1 741 36
1 742 36
1 743 36
1 744 36
1 745 36
1 746 36
1 747 36
1 748 36
1 749 36
1 75 1
1 750 36
1 751 36
1 752 36
1 753 36
1 754 36
1 755 36
1 756 36
1 757 36
1 758 36
1 759 36
1 76 1
1 760 36
1 761 36
1 762 36
1 763 36
1 764 36
1 765 36
1 766 36
1 767 36
1 768 36
1 769 36
1 77 1
1 770 36
1 771 36
1 772 36
1 773 36
1 774 36
1 775 36
1 776 36
1 777 36
1 778 36
1 779 36
1 78 1
1 780 36
1 781 36
1 782 36
1 783 36
1 784 36
1 785 36
1 786 0
1 787 37
1 788 37
1 789 37
1 79 1
1 790 37
1 791 37
1 792 37
1 793 37
1 794 37
1 795 37
1 796 37
1 797 37
1 798 37
1 799 37
1 80 1
1 800 37
1 801 37
1 802 38
1 803 38
1 804 38
1 805 38
1 806 38
1 807 38
1 808 38
1 809 38
1 81 1
1 810 38
1 811 38
1 812 38
1 813 38
1 814 38
1 815 38
1 816 38
1 817 38
1 818 38
1 819 38
1 82 1
1 820 38
1 821 38
1 822 38
1 823 38
1 824 38
1 825 38
1 826 38
1 827 38
1 828 38
1 829 38
1 83 1
1 830 38
1 831 38
1 832 38
1 833 38
1 838 38
1 839 38
1 84 1
1 840 38
1 841 13
1 842 13
1 843 13
1 844 13
1 845 13
1 846 13
1 847 13
1 848 13
1 849 13
1 85 1
1 850 13
1 851 13
1 852 13
1 853 13
1 854 13
1 855 13
1 856 13
1 857 13
1 858 13
1 859 13
1 86 1
1 860 13
1 861 13
1 862 13
1 863 13
1 864 13
1 865 13
1 866 13
1 867 13
1 868 13
1 869 14
1 87 1
1 870 14
1 88 1
1 881 2
1 882 2
1 883 2
1 884 2
1 885 2
1 886 2
1 887 2
1 888 37
1 889 37
1 89 1
1 890 37
1 891 37
1 892 37
1 893 37
1 894 37
1 895 37
1 896 37
1 897 37
1 898 37
1 899 37
1 9 5
1 90 1
1 900 37
1 901 37
1 902 37
1 903 37
1 904 37
1 905 37
1 906 37
1 907 37
1 908 37
1 909 37
1 91 1
1 910 37
1 911 37
1 912 37
1 913 37
1 914 37
1 915 37
1 916 37
1 917 37
1 918 37
1 919 37
1 92 1
1 920 37
1 921 37
1 922 37
1 923 37
1 924 37
1 925 37
1 926 37
1 927 37
1 928 37
1 929 37
1 93 1
1 930 37
1 931 37
1 932 37
1 933 37
1 934 37
1 935 37
1 936 37
1 937 37
1 938 37
1 939 37
1 94 1
1 940 37
1 941 37
1 942 37
1 943 37
1 944 37
1 945 37
1 946 37
1 947 37
1 948 37
1 949 37
1 95 1
1 950 37
1 951 37
1 952 37
1 953 37
1 954 37
1 955 37
1 956 37
1 957 37
1 958 37
1 959 37
1 96 1
1 960 37
1 961 37
1 962 37
1 963 37
1 964 37
1 965 37
1 966 37
1 967 37
1 968 37
1 969 37
1 97 1
1 970 37
1 971 37
1 972 37
1 973 37
1 974 37
1 975 37
1 976 37
1 977 37
1 978 37
1 979 37
1 98 1
1 980 37
1 981 37
1 982 37
1 983 37
1 984 37
1 985 37
1 986 37
1 987 37
1 988 37
1 989 37
1 99 1
1 990 37
1 991 37
1 992 37
1 993 37
1 994 37
1 995 37
1 996 37
1 997 37
1 998 37
1 999 37
1 0 22
